2.870104908943176270e-01 5.179781317710876465e-01
8.915103226900100708e-02 3.603141903877258301e-01
7.297083735466003418e-02 3.175709843635559082e-01
6.014309078454971313e-02 2.903427779674530029e-01
5.552083253860473633e-02 2.741734683513641357e-01
5.008969455957412720e-02 2.704983055591583252e-01
4.452820494771003723e-02 2.586611211299896240e-01
4.457673057913780212e-02 2.404873371124267578e-01
4.011202231049537659e-02 2.404559552669525146e-01
4.378377273678779602e-02 2.260718196630477905e-01
3.787093237042427063e-02 2.165913581848144531e-01
3.206188604235649109e-02 2.221185117959976196e-01
3.366627544164657593e-02 2.154896855354309082e-01
3.190132603049278259e-02 2.057773470878601074e-01
3.004280664026737213e-02 2.050940096378326416e-01
2.753741107881069183e-02 1.990436464548110962e-01
2.821601368486881256e-02 1.959368735551834106e-01
2.682633139193058014e-02 1.937197446823120117e-01
2.683982811868190765e-02 1.993996649980545044e-01
2.910810336470603943e-02 1.954722255468368530e-01
2.445344813168048859e-02 1.850560903549194336e-01
2.912630140781402588e-02 1.872126460075378418e-01
2.446576207876205444e-02 1.840174794197082520e-01
2.979964390397071838e-02 1.832156032323837280e-01
2.794504910707473755e-02 1.789587289094924927e-01
2.431913278996944427e-02 1.755457520484924316e-01
2.513927780091762543e-02 1.728030890226364136e-01
2.533167228102684021e-02 1.806368529796600342e-01
2.277284860610961914e-02 1.720346808433532715e-01
2.331951633095741272e-02 1.687819361686706543e-01
2.148288302123546600e-02 1.715962886810302734e-01
2.052472345530986786e-02 1.644704937934875488e-01
2.264398895204067230e-02 1.640483289957046509e-01
2.127714455127716064e-02 1.622458100318908691e-01
2.093876712024211884e-02 1.611465513706207275e-01
2.025200240314006805e-02 1.610916852951049805e-01
2.088312432169914246e-02 1.661301255226135254e-01
2.127013541758060455e-02 1.718879789113998413e-01
2.078604698181152344e-02 1.642960608005523682e-01
2.087996527552604675e-02 1.561304479837417603e-01
2.127128653228282928e-02 1.549716740846633911e-01
1.943484880030155182e-02 1.564538180828094482e-01
2.124126069247722626e-02 1.573512703180313110e-01
1.927682757377624512e-02 1.519589871168136597e-01
2.117068134248256683e-02 1.540187001228332520e-01
2.211111411452293396e-02 1.585487872362136841e-01
1.982032880187034607e-02 1.485552489757537842e-01
1.859727501869201660e-02 1.488167792558670044e-01
1.753974519670009613e-02 1.486541181802749634e-01
1.855352334678173065e-02 1.509684175252914429e-01
1.782243885099887848e-02 1.496002227067947388e-01
1.811944693326950073e-02 1.459994912147521973e-01
1.813352666795253754e-02 1.416735947132110596e-01
1.722274720668792725e-02 1.408616900444030762e-01
1.819590106606483459e-02 1.435757726430892944e-01
1.621622964739799500e-02 1.416956484317779541e-01
1.678747124969959259e-02 1.424605697393417358e-01
1.769717223942279816e-02 1.417513042688369751e-01
1.640777103602886200e-02 1.397656500339508057e-01
1.697570830583572388e-02 1.404295563697814941e-01
1.780558563768863678e-02 1.378880590200424194e-01
1.666247844696044922e-02 1.378176659345626831e-01
1.908884756267070770e-02 1.390412300825119019e-01
1.664679311215877533e-02 1.363297700881958008e-01
1.972851715981960297e-02 1.385426819324493408e-01
1.904425397515296936e-02 1.348781585693359375e-01
1.888242177665233612e-02 1.316038668155670166e-01
1.678592897951602936e-02 1.344129592180252075e-01
1.691601984202861786e-02 1.330761313438415527e-01
1.679203845560550690e-02 1.313909441232681274e-01
1.568568684160709381e-02 1.374041438102722168e-01
1.615231484174728394e-02 1.283892840147018433e-01
1.510428078472614288e-02 1.290209144353866577e-01
1.732565648853778839e-02 1.260283440351486206e-01
1.637154817581176758e-02 1.290740817785263062e-01
1.669166609644889832e-02 1.297117024660110474e-01
1.595050282776355743e-02 1.275611519813537598e-01
1.686603762209415436e-02 1.327262669801712036e-01
1.613854989409446716e-02 1.253458261489868164e-01
1.727540791034698486e-02 1.233441829681396484e-01
1.514135394245386124e-02 1.268138438463211060e-01
1.483639236539602280e-02 1.217636764049530029e-01
2.049036882817745209e-02 1.258468329906463623e-01
1.416881196200847626e-02 1.232088878750801086e-01
1.819224283099174500e-02 1.285496801137924194e-01
1.443216390907764435e-02 1.220162212848663330e-01
1.501194760203361511e-02 1.235972791910171509e-01
1.828382909297943115e-02 1.200752481818199158e-01
1.584331132471561432e-02 1.239001750946044922e-01
1.487549021840095520e-02 1.236213967204093933e-01
1.448700297623872757e-02 1.206350922584533691e-01
1.551512628793716431e-02 1.189540699124336243e-01
1.532548852264881134e-02 1.223190203309059143e-01
1.727841235697269440e-02 1.245261281728744507e-01
1.506777852773666382e-02 1.187492981553077698e-01
1.332440506666898727e-02 1.168354302644729614e-01
1.418436225503683090e-02 1.167892888188362122e-01
1.434031408280134201e-02 1.199404522776603699e-01
1.430642325431108475e-02 1.170663908123970032e-01
1.291634887456893921e-02 1.229065656661987305e-01
1.499247085303068161e-02 1.181564405560493469e-01
1.310035772621631622e-02 1.153692305088043213e-01
1.517661847174167633e-02 1.150264367461204529e-01
1.447330228984355927e-02 1.197310984134674072e-01
1.359598059207201004e-02 1.138646155595779419e-01
1.449442934244871140e-02 1.159127503633499146e-01
1.511351484805345535e-02 1.112798750400543213e-01
1.300639100372791290e-02 1.126292869448661804e-01
1.270378474146127701e-02 1.125978827476501465e-01
1.601506397128105164e-02 1.140304505825042725e-01
1.397202257066965103e-02 1.108301579952239990e-01
1.504595577716827393e-02 1.201289296150207520e-01
1.256354525685310364e-02 1.135762408375740051e-01
1.234042271971702576e-02 1.137829199433326721e-01
1.291976682841777802e-02 1.112192422151565552e-01
1.377272419631481171e-02 1.144350394606590271e-01
1.313989423215389252e-02 1.079724133014678955e-01
1.368312817066907883e-02 1.093542203307151794e-01
1.414689514786005020e-02 1.116014942526817322e-01
1.332389190793037415e-02 1.097990348935127258e-01
1.345236878842115402e-02 1.113678142428398132e-01
1.374966744333505630e-02 1.072945371270179749e-01
1.326160691678524017e-02 1.071332097053527832e-01
1.400121115148067474e-02 1.064898073673248291e-01
1.258978899568319321e-02 1.059954613447189331e-01
1.425099000334739685e-02 1.055810600519180298e-01
1.271530892699956894e-02 1.056875288486480713e-01
1.262879744172096252e-02 1.054302304983139038e-01
1.350379828363656998e-02 1.104483082890510559e-01
1.289709750562906265e-02 1.049855053424835205e-01
1.196086779236793518e-02 1.066410541534423828e-01
1.355239748954772949e-02 1.073228493332862854e-01
1.504962332546710968e-02 1.058345660567283630e-01
1.487547345459461212e-02 1.078918352723121643e-01
1.221131067723035812e-02 1.092218458652496338e-01
1.279724203050136566e-02 1.081803813576698303e-01
1.360805332660675049e-02 1.066658049821853638e-01
1.288354583084583282e-02 1.047454997897148132e-01
1.227019820362329483e-02 1.079087108373641968e-01
1.179291680455207825e-02 1.047324836254119873e-01
1.194934267550706863e-02 1.014323532581329346e-01
1.234799716621637344e-02 1.034107357263565063e-01
1.288235187530517578e-02 1.015895754098892212e-01
1.233649998903274536e-02 1.026834025979042053e-01
1.219899673014879227e-02 1.045028492808341980e-01
1.211140863597393036e-02 9.940084815025329590e-02
1.172478403896093369e-02 1.007130146026611328e-01
1.265934389084577560e-02 1.023155152797698975e-01
1.202369946986436844e-02 1.004217863082885742e-01
1.128801703453063965e-02 9.672336280345916748e-02
1.218337099999189377e-02 9.915496408939361572e-02
1.284732203930616379e-02 1.032052412629127502e-01
1.139779668301343918e-02 9.988171607255935669e-02
1.307534333318471909e-02 9.592267870903015137e-02
1.369590032845735550e-02 1.042401939630508423e-01
1.258697081357240677e-02 9.786348789930343628e-02
1.170683186501264572e-02 9.658734500408172607e-02
1.146832387894392014e-02 9.857294708490371704e-02
1.090143341571092606e-02 9.505657851696014404e-02
1.127319317311048508e-02 9.579777717590332031e-02
1.165513042360544205e-02 1.022750437259674072e-01
1.237032189965248108e-02 1.006732285022735596e-01
1.506264973431825638e-02 9.978592395782470703e-02
1.212431397289037704e-02 9.755004197359085083e-02
1.287282630801200867e-02 9.570527076721191406e-02
1.545398309826850891e-02 9.704001247882843018e-02
1.166873238980770111e-02 9.773245453834533691e-02
1.102473773062229156e-02 9.891355037689208984e-02
1.213007606565952301e-02 9.483633935451507568e-02
1.221777219325304031e-02 1.016858220100402832e-01
1.148159056901931763e-02 9.741253405809402466e-02
1.166334748268127441e-02 9.574835002422332764e-02
1.131085027009248734e-02 9.683377295732498169e-02
1.199030689895153046e-02 9.348545968532562256e-02
1.295993849635124207e-02 9.420976042747497559e-02
1.285958196967840195e-02 9.276810288429260254e-02
1.174448616802692413e-02 9.498177468776702881e-02
1.103124953806400299e-02 9.128433465957641602e-02
1.187838800251483917e-02 9.143321961164474487e-02
1.165825501084327698e-02 9.294467419385910034e-02
1.147002913057804108e-02 9.385066479444503784e-02
1.073210872709751129e-02 9.187186509370803833e-02
1.254201494157314301e-02 9.464358538389205933e-02
1.072338409721851349e-02 9.429430961608886719e-02
1.047589629888534546e-02 9.349858015775680542e-02
1.219537109136581421e-02 9.265844523906707764e-02
1.157146785408258438e-02 8.963040262460708618e-02
1.173871755599975586e-02 9.307314455509185791e-02
1.080494839698076248e-02 9.175702184438705444e-02
1.087499037384986877e-02 8.886162936687469482e-02
1.353882253170013428e-02 9.298503398895263672e-02
1.166930329054594040e-02 8.811042457818984985e-02
1.277842745184898376e-02 9.085900336503982544e-02
1.085580885410308838e-02 8.994372189044952393e-02
1.052180118858814240e-02 8.943314850330352783e-02
1.112919673323631287e-02 8.818855881690979004e-02
1.038314122706651688e-02 8.839209377765655518e-02
1.017546374350786209e-02 8.892565220594406128e-02
1.053720153868198395e-02 9.202518314123153687e-02
1.166463363915681839e-02 9.342059493064880371e-02
9.065142832696437836e-03 8.075522631406784058e-02
8.816879242658615112e-03 7.798013836145401001e-02
8.688257075846195221e-03 7.685936987400054932e-02
8.558717556297779083e-03 7.643562555313110352e-02
9.145910851657390594e-03 7.702260464429855347e-02
8.612778969109058380e-03 7.570884376764297485e-02
8.781528100371360779e-03 7.913941890001296997e-02
8.194259367883205414e-03 7.469112426042556763e-02
8.216054178774356842e-03 7.454961538314819336e-02
8.089720271527767181e-03 7.643319666385650635e-02
8.101196028292179108e-03 7.722859084606170654e-02
8.731579408049583435e-03 7.621563225984573364e-02
9.261195547878742218e-03 7.582423835992813110e-02
7.926791906356811523e-03 7.752434909343719482e-02
7.982378825545310974e-03 7.608485221862792969e-02
8.267530240118503571e-03 7.457085698843002319e-02
8.418611250817775726e-03 7.523143291473388672e-02
8.802530355751514435e-03 7.484216988086700439e-02
8.374514058232307434e-03 7.465626299381256104e-02
8.901704102754592896e-03 7.337968796491622925e-02
8.458412252366542816e-03 7.323347777128219604e-02
8.720897138118743896e-03 7.353550195693969727e-02
8.185140788555145264e-03 7.391328364610671997e-02
7.892379537224769592e-03 7.385709881782531738e-02
8.036756888031959534e-03 7.577491551637649536e-02
8.050377480685710907e-03 7.248283922672271729e-02
9.374421089887619019e-03 7.477194815874099731e-02
7.959241978824138641e-03 7.508500665426254272e-02
8.314740844070911407e-03 7.508189976215362549e-02
8.635397069156169891e-03 7.404076308012008667e-02
7.866409607231616974e-03 7.158186286687850952e-02
8.211004547774791718e-03 7.252488285303115845e-02
7.924791425466537476e-03 7.213628292083740234e-02
8.247614838182926178e-03 7.425266504287719727e-02
8.068280294537544250e-03 7.424483448266983032e-02
7.811638526618480682e-03 7.469145208597183228e-02
7.714537903666496277e-03 7.206512987613677979e-02
8.728038519620895386e-03 7.096314430236816406e-02
9.000859223306179047e-03 7.137007266283035278e-02
9.294645860791206360e-03 7.474716007709503174e-02
8.267481811344623566e-03 7.145789265632629395e-02
8.114976808428764343e-03 7.261864095926284790e-02
8.198953233659267426e-03 7.124740630388259888e-02
8.031197823584079742e-03 7.225900143384933472e-02
7.838599383831024170e-03 6.970905512571334839e-02
8.536138571798801422e-03 7.136820256710052490e-02
7.803506683558225632e-03 7.184641808271408081e-02
7.964178919792175293e-03 6.946470588445663452e-02
8.647851645946502686e-03 7.267631590366363525e-02
7.769071031361818314e-03 7.149056345224380493e-02
