5.994552373886108398e-01
4.469569325447082520e-01
4.144338667392730713e-01
3.901055455207824707e-01
3.767303526401519775e-01
3.685073554515838623e-01
3.569381237030029297e-01
3.479288816452026367e-01
3.421925902366638184e-01
3.387655019760131836e-01
3.264842629432678223e-01
3.227231502532958984e-01
3.206571638584136963e-01
3.134765326976776123e-01
3.106203079223632812e-01
3.039554953575134277e-01
3.029427230358123779e-01
2.991849184036254883e-01
3.025811910629272461e-01
3.036751449108123779e-01
2.906650304794311523e-01
2.977738976478576660e-01
2.901130318641662598e-01
2.970645427703857422e-01
2.919022738933563232e-01
2.845363616943359375e-01
2.843880057334899902e-01
2.892163395881652832e-01
2.800326645374298096e-01
2.793640494346618652e-01
2.776894569396972656e-01
2.716358304023742676e-01
2.751772403717041016e-01
2.719586789608001709e-01
2.703131139278411865e-01
2.692597508430480957e-01
2.730476558208465576e-01
2.770796418190002441e-01
2.720435559749603271e-01
2.665576636791229248e-01
2.674115896224975586e-01
2.647981345653533936e-01
2.682338953018188477e-01
2.620491385459899902e-01
2.659469842910766602e-01
2.710836827754974365e-01
2.604695856571197510e-01
2.580228745937347412e-01
2.565042972564697266e-01
2.597468793392181396e-01
2.576404511928558350e-01
2.563116550445556641e-01
2.530906498432159424e-01
2.509075403213500977e-01
2.542698383331298828e-01
2.494532465934753418e-01
2.506528496742248535e-01
2.519822120666503906e-01
2.484202235937118530e-01
2.499130964279174805e-01
2.497850954532623291e-01
2.478057444095611572e-01
2.525305747985839844e-01
2.465602159500122070e-01
2.537235319614410400e-01
2.499718517065048218e-01
2.471005916595458984e-01
2.451639920473098755e-01
2.443583607673645020e-01
2.436066865921020508e-01
2.451251149177551270e-01
2.404540330171585083e-01
2.385725975036621094e-01
2.405374944210052490e-01
2.411420494318008423e-01
2.419212162494659424e-01
2.392348647117614746e-01
2.441365867853164673e-01
2.376594543457031250e-01
2.386737018823623657e-01
2.372934520244598389e-01
2.327284961938858032e-01
2.449096143245697021e-01
2.323032617568969727e-01
2.438611537218093872e-01
2.321722656488418579e-01
2.342587411403656006e-01
2.383054196834564209e-01
2.365758717060089111e-01
2.341622114181518555e-01
2.316593974828720093e-01
2.320520281791687012e-01
2.337565720081329346e-01
2.390033304691314697e-01
2.307948768138885498e-01
2.261034697294235229e-01
2.279965430498123169e-01
2.304392158985137939e-01
2.283250242471694946e-01
2.291869968175888062e-01
2.305449843406677246e-01
2.248504012823104858e-01
2.283630073070526123e-01
2.309047132730484009e-01
2.247274369001388550e-01
2.276446223258972168e-01
2.254511713981628418e-01
2.225708812475204468e-01
2.215565592050552368e-01
2.294052839279174805e-01
2.232467085123062134e-01
2.315794527530670166e-01
2.217178344726562500e-01
2.218672633171081543e-01
2.212518155574798584e-01
2.252464294433593750e-01
2.188206315040588379e-01
2.210630327463150024e-01
2.237628847360610962e-01
2.209922373294830322e-01
2.222543805837631226e-01
2.199432253837585449e-01
2.183874398469924927e-01
2.196623086929321289e-01
2.166139781475067139e-01
2.198020368814468384e-01
2.162131369113922119e-01
2.161464989185333252e-01
2.219714820384979248e-01
2.162419408559799194e-01
2.159743905067443848e-01
2.193815708160400391e-01
2.215785831212997437e-01
2.224966585636138916e-01
2.179651856422424316e-01
2.185453325510025024e-01
2.190021872520446777e-01
2.158319056034088135e-01
2.174901962280273438e-01
2.138108015060424805e-01
2.116850465536117554e-01
2.140131145715713501e-01
2.137784659862518311e-01
2.133738845586776733e-01
2.146269679069519043e-01
2.103726416826248169e-01
2.104993909597396851e-01
2.135608345270156860e-01
2.107871770858764648e-01
2.063048928976058960e-01
2.101812660694122314e-01
2.144495397806167603e-01
2.089692205190658569e-01
2.094395905733108521e-01
2.171356976032257080e-01
2.099172621965408325e-01
2.072504609823226929e-01
2.082394808530807495e-01
2.043822854757308960e-01
2.056247889995574951e-01
2.115098536014556885e-01
2.118903994560241699e-01
2.163676768541336060e-01
2.090471088886260986e-01
2.092158049345016479e-01
2.147533446550369263e-01
2.079788744449615479e-01
2.076833844184875488e-01
2.070368528366088867e-01
2.119438946247100830e-01
2.074620872735977173e-01
2.062689960002899170e-01
2.068898081779479980e-01
2.055021971464157104e-01
2.083377093076705933e-01
2.060860842466354370e-01
2.060210257768630981e-01
2.016299068927764893e-01
2.035113871097564697e-01
2.039740681648254395e-01
2.049122899770736694e-01
2.012696266174316406e-01
2.074341177940368652e-01
2.034270316362380981e-01
2.017591744661331177e-01
2.052233964204788208e-01
2.014128565788269043e-01
2.041780948638916016e-01
2.015759199857711792e-01
1.993452757596969604e-01
2.085201442241668701e-01
2.006244361400604248e-01
2.050191909074783325e-01
2.000912427902221680e-01
1.985322982072830200e-01
1.991576403379440308e-01
1.979454457759857178e-01
1.978529989719390869e-01
2.005834579467773438e-01
2.046185880899429321e-01
1.870178878307342529e-01
1.846361756324768066e-01
1.835394948720932007e-01
1.828624010086059570e-01
1.842484176158905029e-01
1.817683726549148560e-01
1.857074797153472900e-01
1.801968812942504883e-01
1.802329421043395996e-01
1.816895157098770142e-01
1.819291859865188599e-01
1.830675005912780762e-01
1.840233504772186279e-01
1.821849644184112549e-01
1.811537742614746094e-01
1.802946031093597412e-01
1.811125129461288452e-01
1.820353120565414429e-01
1.805118322372436523e-01
1.811853945255279541e-01
1.798539906740188599e-01
1.805925369262695312e-01
1.795981675386428833e-01
1.787694692611694336e-01
1.809139251708984375e-01
1.779707670211791992e-01
1.835009902715682983e-01
1.800101995468139648e-01
1.810886859893798828e-01
1.807222366333007812e-01
1.766373515129089355e-01
1.782276481389999390e-01
1.770871728658676147e-01
1.801364719867706299e-01
1.793980002403259277e-01
1.794010102748870850e-01
1.768573522567749023e-01
1.783969104290008545e-01
1.793977916240692139e-01
1.831894218921661377e-01
1.773992180824279785e-01
1.783065944910049438e-01
1.768659651279449463e-01
1.774801313877105713e-01
1.746932566165924072e-01
1.778294444084167480e-01
1.767617762088775635e-01
1.748493909835815430e-01
1.793830692768096924e-01
1.756199747323989868e-01
