4.866524338722229004e-01 7.122579813003540039e-01
2.952397167682647705e-01 5.986741781234741211e-01
2.664622068405151367e-01 5.624055266380310059e-01
2.424316853284835815e-01 5.377793908119201660e-01
2.318384647369384766e-01 5.216222405433654785e-01
2.191775590181350708e-01 5.178371667861938477e-01
2.073679864406585693e-01 5.065082907676696777e-01
2.072048038244247437e-01 4.886529445648193359e-01
1.959014087915420532e-01 4.884837865829467773e-01
2.033560872077941895e-01 4.741748869419097900e-01
1.895095258951187134e-01 4.634590148925781250e-01
1.755575090646743774e-01 4.698888063430786133e-01
1.785997897386550903e-01 4.627145528793334961e-01
1.746226996183395386e-01 4.523303806781768799e-01
1.698421537876129150e-01 4.513984620571136475e-01
1.633057892322540283e-01 4.446052014827728271e-01
1.650795340538024902e-01 4.408059120178222656e-01
1.594787389039993286e-01 4.388911128044128418e-01
1.604507416486740112e-01 4.447116553783416748e-01
1.669438928365707397e-01 4.404064118862152100e-01
1.527391374111175537e-01 4.285908937454223633e-01
1.654316037893295288e-01 4.301161766052246094e-01
1.530150026082992554e-01 4.272110462188720703e-01
1.679425686597824097e-01 4.261865019798278809e-01
1.626372188329696655e-01 4.211673140525817871e-01
1.518685221672058105e-01 4.172042012214660645e-01
1.549199372529983521e-01 4.138560891151428223e-01
1.552845388650894165e-01 4.231481254100799561e-01
1.471676677465438843e-01 4.128976762294769287e-01
1.493527293205261230e-01 4.093753993511199951e-01
1.426023691892623901e-01 4.127765297889709473e-01
1.394033432006835938e-01 4.038683474063873291e-01
1.468016058206558228e-01 4.035528898239135742e-01
1.429357379674911499e-01 4.009816348552703857e-01
1.412131041288375854e-01 3.994131088256835938e-01
1.391877830028533936e-01 3.993317186832427979e-01
1.403062343597412109e-01 4.057890772819519043e-01
1.416229754686355591e-01 4.125363230705261230e-01
1.406257599592208862e-01 4.034613668918609619e-01
1.397628039121627808e-01 3.933525085449218750e-01
1.427432745695114136e-01 3.920799195766448975e-01
1.359327286481857300e-01 3.936635553836822510e-01
1.418866515159606934e-01 3.945811688899993896e-01
1.357376873493194580e-01 3.883605599403381348e-01
1.413982510566711426e-01 3.904957175254821777e-01
1.455175131559371948e-01 3.966498374938964844e-01
1.373434662818908691e-01 3.835957050323486328e-01
1.323436647653579712e-01 3.837020695209503174e-01
1.291490197181701660e-01 3.838595449924468994e-01
1.327786594629287720e-01 3.867150843143463135e-01
1.303038746118545532e-01 3.849770426750183105e-01
1.321176439523696899e-01 3.805056512355804443e-01
1.316062957048416138e-01 3.745749890804290771e-01
1.279311478137969971e-01 3.738839626312255859e-01
1.311979591846466064e-01 3.773416876792907715e-01
1.240309625864028931e-01 3.748755455017089844e-01
1.254020929336547852e-01 3.759035766124725342e-01
1.297149956226348877e-01 3.742494583129882812e-01
1.249025389552116394e-01 3.719379007816314697e-01
1.269039362668991089e-01 3.729222416877746582e-01
1.295766532421112061e-01 3.699935376644134521e-01
1.260144561529159546e-01 3.695970177650451660e-01
1.338759362697601318e-01 3.711852133274078369e-01
1.259717345237731934e-01 3.671486973762512207e-01
1.369186937808990479e-01 3.705283701419830322e-01
1.342267692089080811e-01 3.657169342041015625e-01
1.329169124364852905e-01 3.612842857837677002e-01
1.258913576602935791e-01 3.644366264343261719e-01
1.256275922060012817e-01 3.630891442298889160e-01
1.263131648302078247e-01 3.609001934528350830e-01
1.215885579586029053e-01 3.686616718769073486e-01
1.240643635392189026e-01 3.568437099456787109e-01
1.200966984033584595e-01 3.570485115051269531e-01
1.278345137834548950e-01 3.532404601573944092e-01
1.247842237353324890e-01 3.574998676776885986e-01
1.252902597188949585e-01 3.585521578788757324e-01
1.229964271187782288e-01 3.554733097553253174e-01
1.258724331855773926e-01 3.624007403850555420e-01
1.230456382036209106e-01 3.522732555866241455e-01
1.278211772441864014e-01 3.495262265205383301e-01
1.200161054730415344e-01 3.545708060264587402e-01
1.179589927196502686e-01 3.474979996681213379e-01
1.370251327753067017e-01 3.527940809726715088e-01
1.152821034193038940e-01 3.493244349956512451e-01
1.307826638221740723e-01 3.569396436214447021e-01
1.163505390286445618e-01 3.479939997196197510e-01
1.184232458472251892e-01 3.500942289829254150e-01
1.318816989660263062e-01 3.447291553020477295e-01
1.228447631001472473e-01 3.503069877624511719e-01
1.185982972383499146e-01 3.497261106967926025e-01
1.172613576054573059e-01 3.460574448108673096e-01
1.208526343107223511e-01 3.432514369487762451e-01
1.197341009974479675e-01 3.477790355682373047e-01
1.271840184926986694e-01 3.508226275444030762e-01
1.190895289182662964e-01 3.425002396106719971e-01
1.121290922164916992e-01 3.400778472423553467e-01
1.155213117599487305e-01 3.404717743396759033e-01
1.166643723845481873e-01 3.442140519618988037e-01
1.160508394241333008e-01 3.405992090702056885e-01
1.108453273773193359e-01 3.475286662578582764e-01
1.193802952766418457e-01 3.417096734046936035e-01
1.115236505866050720e-01 3.381771445274353027e-01
1.190377101302146912e-01 3.376882970333099365e-01
1.172642633318901062e-01 3.445451557636260986e-01
1.134152635931968689e-01 3.360396027565002441e-01
1.169579997658729553e-01 3.383312523365020752e-01
1.187078505754470825e-01 3.321945071220397949e-01
1.108752712607383728e-01 3.342664837837219238e-01
1.092748120427131653e-01 3.338383138179779053e-01
1.227201521396636963e-01 3.360904157161712646e-01
1.149753332138061523e-01 3.315180838108062744e-01
1.185372248291969299e-01 3.446216881275177002e-01
1.090633124113082886e-01 3.343723416328430176e-01
1.082094758749008179e-01 3.355250656604766846e-01
1.104446575045585632e-01 3.320589661598205566e-01
1.139481365680694580e-01 3.365447223186492920e-01
1.105401664972305298e-01 3.271010816097259521e-01
1.131476387381553650e-01 3.289784193038940430e-01
1.150965467095375061e-01 3.324292302131652832e-01
1.123328357934951782e-01 3.296516537666320801e-01
1.124784871935844421e-01 3.320302665233612061e-01
1.139897927641868591e-01 3.258966505527496338e-01
1.111515983939170837e-01 3.256232738494873047e-01
1.147790700197219849e-01 3.245455324649810791e-01
1.095113232731819153e-01 3.237166404724121094e-01
1.162397935986518860e-01 3.233642876148223877e-01
1.090801358222961426e-01 3.233461380004882812e-01
1.095466166734695435e-01 3.227463662624359131e-01
1.131776273250579834e-01 3.307653367519378662e-01
1.103219911456108093e-01 3.221618831157684326e-01
1.066587120294570923e-01 3.252900838851928711e-01
1.129376739263534546e-01 3.258254826068878174e-01
1.195676326751708984e-01 3.235895335674285889e-01
1.184001266956329346e-01 3.265931904315948486e-01
1.073510125279426575e-01 3.285793662071228027e-01
1.101080998778343201e-01 3.269825577735900879e-01
1.128259971737861633e-01 3.251783847808837891e-01
1.097803190350532532e-01 3.218834996223449707e-01
1.080585494637489319e-01 3.269218504428863525e-01
1.055083051323890686e-01 3.221133053302764893e-01
1.063975095748901367e-01 3.169725835323333740e-01
1.082205548882484436e-01 3.198056817054748535e-01
1.105014234781265259e-01 3.170555233955383301e-01
1.081219688057899475e-01 3.186258077621459961e-01
1.075834035873413086e-01 3.216705322265625000e-01
1.069140955805778503e-01 3.138311803340911865e-01
1.053281351923942566e-01 3.156706392765045166e-01
1.088503599166870117e-01 3.182713091373443604e-01
1.066966429352760315e-01 3.148777186870574951e-01
1.033008992671966553e-01 3.093088865280151367e-01
1.068231686949729919e-01 3.135393559932708740e-01
1.094225570559501648e-01 3.194765150547027588e-01
1.039537265896797180e-01 3.139847218990325928e-01
1.107062175869941711e-01 3.081729710102081299e-01
1.131154969334602356e-01 3.211559057235717773e-01
1.085444912314414978e-01 3.112900257110595703e-01
1.053624674677848816e-01 3.091384470462799072e-01
1.043772324919700623e-01 3.121017217636108398e-01
1.018555834889411926e-01 3.069089949131011963e-01
1.033512800931930542e-01 3.078982830047607422e-01
1.050433441996574402e-01 3.179763555526733398e-01
1.079941540956497192e-01 3.157866597175598145e-01
1.186468675732612610e-01 3.140884935855865479e-01
1.073428839445114136e-01 3.107513189315795898e-01
1.106747165322303772e-01 3.077569007873535156e-01
1.196818873286247253e-01 3.098247945308685303e-01
1.050694435834884644e-01 3.108883202075958252e-01
1.025822535157203674e-01 3.127845227718353271e-01
1.078852564096450806e-01 3.061884641647338867e-01
1.073400825262069702e-01 3.165476918220520020e-01
1.043966636061668396e-01 3.105275034904479980e-01
1.052055209875106812e-01 3.073324561119079590e-01
1.040796041488647461e-01 3.097000122070312500e-01
1.067182645201683044e-01 3.042861223220825195e-01
1.113060787320137024e-01 3.053693473339080811e-01
1.093380972743034363e-01 3.028340637683868408e-01
1.053841188549995422e-01 3.066579401493072510e-01
1.026535481214523315e-01 3.006062805652618408e-01
1.060128062963485718e-01 3.010099828243255615e-01
1.048651486635208130e-01 3.030829727649688721e-01
1.047917231917381287e-01 3.050328493118286133e-01
1.007107719779014587e-01 3.018284738063812256e-01
1.089195460081100464e-01 3.059486746788024902e-01
1.011354699730873108e-01 3.057186007499694824e-01
9.958896040916442871e-02 3.039293885231018066e-01
1.076580286026000977e-01 3.027887642383575439e-01
1.049674600362777710e-01 2.978582382202148438e-01
1.058967784047126770e-01 3.024594187736511230e-01
1.015867665410041809e-01 3.015650808811187744e-01
1.018044650554656982e-01 2.968860864639282227e-01
1.136312559247016907e-01 3.034090399742126465e-01
1.060864627361297607e-01 2.951624095439910889e-01
1.100931763648986816e-01 2.999452054500579834e-01
1.019035503268241882e-01 2.982789278030395508e-01
9.973096102476119995e-02 2.973336279392242432e-01
1.031947061419487000e-01 2.951205670833587646e-01
9.979384392499923706e-02 2.960970401763916016e-01
9.863470494747161865e-02 2.970712780952453613e-01
1.003026142716407776e-01 3.008643090724945068e-01
1.057959124445915222e-01 3.034412562847137451e-01
9.219384938478469849e-02 2.818419337272644043e-01
9.157742559909820557e-02 2.776949107646942139e-01
9.085459262132644653e-02 2.762244045734405518e-01
9.068869054317474365e-02 2.750361263751983643e-01
9.305955469608306885e-02 2.754372656345367432e-01
9.026033431291580200e-02 2.732764184474945068e-01
9.140938520431518555e-02 2.800055742263793945e-01
8.866904675960540771e-02 2.717247307300567627e-01
8.888383209705352783e-02 2.715820670127868652e-01
8.862227946519851685e-02 2.747567594051361084e-01
8.793231099843978882e-02 2.759260535240173340e-01
9.157341718673706055e-02 2.745615839958190918e-01
9.425984323024749756e-02 2.737868726253509521e-01
8.755487203598022461e-02 2.768150568008422852e-01
8.782012760639190674e-02 2.744874358177185059e-01
8.913474529981613159e-02 2.714544534683227539e-01
8.962628990411758423e-02 2.725987434387207031e-01
9.185743331909179688e-02 2.722131907939910889e-01
8.964516222476959229e-02 2.713784873485565186e-01
9.279535710811614990e-02 2.695754468441009521e-01
9.032037109136581421e-02 2.693876028060913086e-01
9.151507169008255005e-02 2.696700096130371094e-01
8.875172585248947144e-02 2.704446017742156982e-01
8.740063011646270752e-02 2.701382935047149658e-01
8.822356909513473511e-02 2.736042737960815430e-01
8.782298862934112549e-02 2.681185603141784668e-01
9.504339843988418579e-02 2.719585895538330078e-01
8.727922290563583374e-02 2.727411687374114990e-01
8.967526257038116455e-02 2.725021243095397949e-01
9.087985754013061523e-02 2.705646157264709473e-01
8.728475123643875122e-02 2.659899592399597168e-01
8.872324973344802856e-02 2.677320539951324463e-01
8.764708042144775391e-02 2.665272653102874756e-01
8.923358470201492310e-02 2.710393667221069336e-01
8.827761560678482056e-02 2.705183923244476318e-01
8.698470890522003174e-02 2.718173265457153320e-01
8.639226853847503662e-02 2.673224210739135742e-01
9.163866937160491943e-02 2.651551365852355957e-01
9.317351877689361572e-02 2.656220495700836182e-01
9.438363462686538696e-02 2.719952166080474854e-01
8.923781663179397583e-02 2.655606269836425781e-01
8.856358379125595093e-02 2.680495977401733398e-01
8.889581263065338135e-02 2.648361027240753174e-01
8.809852600097656250e-02 2.668617367744445801e-01
8.669779449701309204e-02 2.626887261867523193e-01
9.025931358337402344e-02 2.653995752334594727e-01
8.704368770122528076e-02 2.664798498153686523e-01
8.760885894298553467e-02 2.620899379253387451e-01
9.074497967958450317e-02 2.680211663246154785e-01
8.552085608243942261e-02 2.657190859317779541e-01
