4.024943113327026367e-01
2.247326076030731201e-01
1.952709108591079712e-01
1.752429306507110596e-01
1.648471504449844360e-01
1.602939963340759277e-01
1.515946686267852783e-01
1.425320357084274292e-01
1.402839869260787964e-01
1.349277943372726440e-01
1.272311508655548096e-01
1.270902007818222046e-01
1.245779842138290405e-01
1.188393384218215942e-01
1.175684109330177307e-01
1.132905259728431702e-01
1.120764464139938354e-01
1.102730408310890198e-01
1.131197437644004822e-01
1.122901663184165955e-01
1.047547683119773865e-01
1.081694737076759338e-01
1.042416244745254517e-01
1.065076217055320740e-01
1.034518927335739136e-01
9.993243962526321411e-02
9.897118061780929565e-02
1.029842644929885864e-01
9.740376472473144531e-02
9.605072438716888428e-02
9.653958678245544434e-02
9.249760955572128296e-02
9.334615617990493774e-02
9.176147729158401489e-02
9.104266017675399780e-02
9.067184478044509888e-02
9.350662678480148315e-02
9.657905995845794678e-02
9.254105389118194580e-02
8.850520849227905273e-02
8.812148123979568481e-02
8.794433623552322388e-02
8.929626643657684326e-02
8.561790734529495239e-02
8.759468793869018555e-02
9.032995253801345825e-02
8.418779075145721436e-02
8.370702713727951050e-02
8.309692889451980591e-02
8.476097136735916138e-02
8.371133357286453247e-02
8.205947279930114746e-02
7.990355789661407471e-02
7.904221862554550171e-02
8.088583499193191528e-02
7.895594090223312378e-02
7.962401956319808960e-02
7.972423732280731201e-02
7.808671146631240845e-02
7.870262861251831055e-02
7.784682512283325195e-02
7.724007219076156616e-02
7.906503975391387939e-02
7.648827880620956421e-02
7.913559675216674805e-02
7.696120440959930420e-02
7.524314522743225098e-02
7.559944689273834229e-02
7.499607652425765991e-02
7.409149408340454102e-02
7.654491811990737915e-02
7.227079570293426514e-02
7.206259667873382568e-02
7.167699933052062988e-02
7.272281497716903687e-02
7.320168614387512207e-02
7.175582647323608398e-02
7.479615509510040283e-02
7.074218988418579102e-02
7.030979543924331665e-02
7.097759842872619629e-02
6.830003112554550171e-02
7.316859811544418335e-02
6.868884712457656860e-02
7.337096333503723145e-02
6.822419166564941406e-02
6.930461525917053223e-02
6.917953491210937500e-02
6.987174600362777710e-02
6.924844533205032349e-02
6.756104528903961182e-02
6.723459810018539429e-02
6.882225722074508667e-02
7.090227305889129639e-02
6.690853834152221680e-02
6.507991999387741089e-02
6.548682600259780884e-02
6.714038550853729248e-02
6.568640470504760742e-02
6.791146099567413330e-02
6.657445430755615234e-02
6.423479318618774414e-02
6.510152667760848999e-02
6.710220128297805786e-02
6.373029947280883789e-02
6.520359218120574951e-02
6.319669634103775024e-02
6.281784176826477051e-02
6.265083700418472290e-02
6.502275913953781128e-02
6.240108981728553772e-02
6.758744269609451294e-02
6.306989490985870361e-02
6.306166946887969971e-02
6.206950545310974121e-02
6.410387903451919556e-02
6.055615469813346863e-02
6.151867285370826721e-02
6.287419795989990234e-02
6.156146526336669922e-02
6.241009011864662170e-02
6.052210181951522827e-02
6.019740924239158630e-02
6.024551019072532654e-02
5.929262563586235046e-02
5.991602689027786255e-02
5.920141935348510742e-02
5.902951210737228394e-02
6.197605282068252563e-02
5.894130095839500427e-02
5.930095911026000977e-02
6.043762341141700745e-02
6.044209375977516174e-02
6.138365343213081360e-02
6.071657687425613403e-02
6.048881262540817261e-02
6.013692915439605713e-02
5.881452187895774841e-02
6.008945405483245850e-02
5.826269835233688354e-02
5.669084936380386353e-02
5.787936598062515259e-02
5.723596364259719849e-02
5.750995129346847534e-02
5.835092440247535706e-02
5.575612932443618774e-02
5.621889978647232056e-02
5.748742818832397461e-02
5.622274428606033325e-02
5.400568991899490356e-02
5.566916614770889282e-02
5.802628025412559509e-02
5.563975498080253601e-02
5.449901148676872253e-02
5.896804854273796082e-02
5.522523075342178345e-02
5.414708703756332397e-02
5.502063408493995667e-02
5.297900736331939697e-02
5.353548377752304077e-02
5.696508660912513733e-02
5.652177333831787109e-02
5.742428824305534363e-02
5.483717843890190125e-02
5.428905040025711060e-02
5.624699592590332031e-02
5.470059439539909363e-02
5.496914312243461609e-02
5.348320677876472473e-02
5.695179849863052368e-02
5.444706231355667114e-02
5.370584875345230103e-02
5.407231301069259644e-02
5.273788422346115112e-02
5.358485132455825806e-02
5.281384289264678955e-02
5.336312949657440186e-02
5.115779116749763489e-02
5.165580287575721741e-02
5.230146646499633789e-02
5.266034603118896484e-02
5.130198597908020020e-02
5.359280109405517578e-02
5.250884592533111572e-02
5.198723822832107544e-02
5.242690816521644592e-02
5.060093477368354797e-02
5.240593105554580688e-02
5.128098651766777039e-02
4.986830800771713257e-02
5.326192826032638550e-02
4.988986253738403320e-02
5.181871354579925537e-02
5.039976537227630615e-02
4.997747391462326050e-02
4.965887963771820068e-02
4.938761889934539795e-02
4.955055937170982361e-02
5.128119140863418579e-02
5.254261568188667297e-02
4.491018503904342651e-02
4.339850693941116333e-02
4.277381300926208496e-02
4.249717295169830322e-02
4.308425635099411011e-02
4.216081276535987854e-02
4.396047443151473999e-02
4.144269227981567383e-02
4.138283431529998779e-02
4.226145893335342407e-02
4.266489297151565552e-02
4.247360676527023315e-02
4.254271835088729858e-02
4.272557049989700317e-02
4.203361645340919495e-02
4.141919314861297607e-02
4.182502254843711853e-02
4.182235151529312134e-02
4.151538759469985962e-02
4.114069789648056030e-02
4.084594547748565674e-02
4.112819954752922058e-02
4.104921221733093262e-02
4.087473824620246887e-02
4.190583527088165283e-02
4.026660695672035217e-02
4.207318276166915894e-02
4.152212291955947876e-02
4.169832170009613037e-02
4.133807867765426636e-02
3.972413763403892517e-02
4.036794230341911316e-02
4.003053903579711914e-02
4.125013947486877441e-02
4.115655645728111267e-02
4.125154390931129456e-02
3.988983482122421265e-02
3.984559327363967896e-02
4.018546640872955322e-02
4.202090203762054443e-02
3.986268863081932068e-02
4.036680981516838074e-02
3.972318023443222046e-02
4.014509916305541992e-02
3.877382725477218628e-02
3.995217010378837585e-02
3.982496261596679688e-02
3.871444240212440491e-02
4.066208377480506897e-02
3.962981700897216797e-02
