3.771987855434417725e-01 1.021069884300231934e+00
2.474827170372009277e-01 7.454315423965454102e-01
2.055268883705139160e-01 6.883289813995361328e-01
2.123735398054122925e-01 6.443907618522644043e-01
1.773166656494140625e-01 6.277273893356323242e-01
1.734583079814910889e-01 6.103692650794982910e-01
1.678872853517532349e-01 5.900314450263977051e-01
1.648370921611785889e-01 5.735321044921875000e-01
1.507818698883056641e-01 5.749500393867492676e-01
1.450089216232299805e-01 5.623940825462341309e-01
