2.204890996217727661e-01 5.874563455581665039e-01
9.321183711290359497e-02 3.573720157146453857e-01
6.772130727767944336e-02 3.130459785461425781e-01
6.882651150226593018e-02 2.839181125164031982e-01
5.156827345490455627e-02 2.714788913726806641e-01
4.925747215747833252e-02 2.590815126895904541e-01
4.584328457713127136e-02 2.445402145385742188e-01
4.425651580095291138e-02 2.334912121295928955e-01
3.757575899362564087e-02 2.350375950336456299e-01
3.417869657278060913e-02 2.247460335493087769e-01
