6.770173907279968262e-01
5.815365314483642578e-01
3.112612664699554443e-01
2.440996766090393066e-01
1.995515078306198120e-01
1.786892563104629517e-01
1.703409999608993530e-01
1.667257845401763916e-01
1.669408679008483887e-01
1.690695285797119141e-01
1.745525896549224854e-01
1.797361671924591064e-01
1.839083880186080933e-01
1.864207386970520020e-01
1.877871304750442505e-01
1.883944272994995117e-01
1.882561147212982178e-01
1.877273470163345337e-01
1.865949034690856934e-01
1.844574958086013794e-01
1.815569251775741577e-01
1.769262999296188354e-01
1.715634316205978394e-01
1.662590056657791138e-01
1.613720655441284180e-01
1.582089215517044067e-01
1.574252098798751831e-01
1.607201844453811646e-01
1.622185260057449341e-01
1.648968309164047241e-01
1.664811670780181885e-01
1.669606864452362061e-01
1.643551588058471680e-01
1.611970216035842896e-01
1.550638526678085327e-01
1.492310613393783569e-01
1.457048505544662476e-01
1.461979150772094727e-01
1.475119292736053467e-01
1.518411189317703247e-01
1.514126062393188477e-01
1.506044715642929077e-01
1.479051262140274048e-01
1.422163993120193481e-01
1.356081962585449219e-01
1.330450624227523804e-01
1.329759955406188965e-01
1.409345716238021851e-01
1.455086916685104370e-01
1.421425342559814453e-01
