1.932379150390625000e+01
9.013874053955078125e+00
1.634685635566711426e+00
1.089249014854431152e+00
8.955146074295043945e-01
9.021980762481689453e-01
9.484704136848449707e-01
9.505459070205688477e-01
9.417553544044494629e-01
9.044728279113769531e-01
8.776009678840637207e-01
8.675779700279235840e-01
8.724440336227416992e-01
8.757714033126831055e-01
8.781697750091552734e-01
8.789959549903869629e-01
8.779749274253845215e-01
8.771331906318664551e-01
8.733467459678649902e-01
8.672961592674255371e-01
8.609146475791931152e-01
8.502929806709289551e-01
8.396973013877868652e-01
8.335738778114318848e-01
8.336600661277770996e-01
8.296437263488769531e-01
8.223118782043457031e-01
8.194488286972045898e-01
8.078157305717468262e-01
8.088907599449157715e-01
8.014031052589416504e-01
7.964033484458923340e-01
7.892083525657653809e-01
7.780439853668212891e-01
7.671616673469543457e-01
7.604427933692932129e-01
7.570853829383850098e-01
7.455974221229553223e-01
7.345808148384094238e-01
7.318746447563171387e-01
7.249560356140136719e-01
7.216713428497314453e-01
7.150881886482238770e-01
7.015633583068847656e-01
6.903364658355712891e-01
6.914219856262207031e-01
6.763437390327453613e-01
6.737591028213500977e-01
6.601690053939819336e-01
6.520019173622131348e-01
