2.504578232765197754e-01
8.918521404266357422e-01
2.044608592987060547e-01
1.853301972150802612e-01
1.831379234790802002e-01
1.814122200012207031e-01
1.797946840524673462e-01
1.777926236391067505e-01
1.755977123975753784e-01
1.772580146789550781e-01
1.746315956115722656e-01
1.753827929496765137e-01
1.753184050321578979e-01
1.743079274892807007e-01
1.736467331647872925e-01
1.731727272272109985e-01
1.759996265172958374e-01
1.728569567203521729e-01
1.732050478458404541e-01
1.744202673435211182e-01
1.736308485269546509e-01
1.734852343797683716e-01
1.731375157833099365e-01
1.756607592105865479e-01
1.767314374446868896e-01
1.748066693544387817e-01
1.760955005884170532e-01
1.770164668560028076e-01
1.784758716821670532e-01
1.774869114160537720e-01
1.779024451971054077e-01
1.783355325460433960e-01
1.779480278491973877e-01
1.780627369880676270e-01
1.761704534292221069e-01
1.735059171915054321e-01
1.699790358543395996e-01
1.692821681499481201e-01
1.661019623279571533e-01
1.547280400991439819e-01
1.476100534200668335e-01
1.423729062080383301e-01
1.408020704984664917e-01
1.420098543167114258e-01
1.394796222448348999e-01
1.366813927888870239e-01
1.262417584657669067e-01
1.241982579231262207e-01
1.249493137001991272e-01
1.310712248086929321e-01
1.103584989905357361e-01
1.114269867539405823e-01
1.035293564200401306e-01
1.177648901939392090e-01
1.066882610321044922e-01
1.090643778443336487e-01
1.049361154437065125e-01
9.718986600637435913e-02
1.005377173423767090e-01
9.310489892959594727e-02
9.052702039480209351e-02
8.704244345426559448e-02
8.974558115005493164e-02
8.776166290044784546e-02
8.965298533439636230e-02
8.129152655601501465e-02
1.022150218486785889e-01
8.386459946632385254e-02
7.001117616891860962e-02
6.714496016502380371e-02
6.560366600751876831e-02
1.251799911260604858e-01
2.033297568559646606e-01
6.794223189353942871e-02
7.748389989137649536e-02
9.299392253160476685e-02
6.166888028383255005e-02
9.061182290315628052e-02
5.802436172962188721e-02
6.682035326957702637e-02
5.579021200537681580e-02
6.846891343593597412e-02
7.084105163812637329e-02
7.945749163627624512e-02
6.136516854166984558e-02
7.129582762718200684e-02
6.809133291244506836e-02
6.323301792144775391e-02
5.879280343651771545e-02
6.500928103923797607e-02
6.147067993879318237e-02
6.773934513330459595e-02
6.324651092290878296e-02
6.067664548754692078e-02
5.768785253167152405e-02
5.346731469035148621e-02
6.650291383266448975e-02
5.897032096982002258e-02
5.082166194915771484e-02
7.728189229965209961e-02
6.553425639867782593e-02
6.646963953971862793e-02
7.829423993825912476e-02
7.948295027017593384e-02
6.622077524662017822e-02
5.403919517993927002e-02
7.058165222406387329e-02
5.302082374691963196e-02
5.224600061774253845e-02
4.688323661684989929e-02
4.109058529138565063e-02
5.389709770679473877e-02
3.767225146293640137e-02
4.129191115498542786e-02
3.713130205869674683e-02
4.036490991711616516e-02
3.505388274788856506e-02
3.437172248959541321e-02
3.148572519421577454e-02
3.726552426815032959e-02
4.422125592827796936e-02
3.983087465167045593e-02
3.245521709322929382e-02
6.173714250326156616e-02
4.745671153068542480e-02
3.076541796326637268e-02
6.957368552684783936e-02
3.927655890583992004e-02
5.355646461248397827e-02
3.670691698789596558e-02
2.784195542335510254e-02
3.708057105541229248e-02
2.978870645165443420e-02
3.645650669932365417e-02
3.450490161776542664e-02
4.400237649679183960e-02
3.254597261548042297e-02
3.076141513884067535e-02
4.011319577693939209e-02
3.274882584810256958e-02
5.488798394799232483e-02
2.851126529276371002e-02
6.635994464159011841e-02
3.374711051583290100e-02
4.490654915571212769e-02
3.768274188041687012e-02
4.184495285153388977e-02
3.318080678582191467e-02
2.818763069808483124e-02
4.475542902946472168e-02
4.149498417973518372e-02
3.534018993377685547e-02
3.051282651722431183e-02
3.523366898298263550e-02
3.077559918165206909e-02
3.158359229564666748e-02
3.377544879913330078e-02
3.462968394160270691e-02
2.861481159925460815e-02
2.819683961570262909e-02
2.828057110309600830e-02
2.925071306526660919e-02
3.133338317275047302e-02
2.858867496252059937e-02
2.767137251794338226e-02
3.339862078428268433e-02
2.306033484637737274e-02
2.821034193038940430e-02
3.530054911971092224e-02
2.610916458070278168e-02
3.263094276189804077e-02
3.751653805375099182e-02
3.862197697162628174e-02
2.931470796465873718e-02
3.046234510838985443e-02
2.502131834626197815e-02
3.260494768619537354e-02
2.612523548305034637e-02
2.594471536576747894e-02
3.726402670145034790e-02
2.365566231310367584e-02
2.328790724277496338e-02
2.449385821819305420e-02
3.275297582149505615e-02
3.415090963244438171e-02
2.298983559012413025e-02
4.496069625020027161e-02
2.486497536301612854e-02
2.644242160022258759e-02
1.851472817361354828e-02
4.079023003578186035e-02
3.154317289590835571e-02
3.012752532958984375e-02
4.514188319444656372e-02
2.705958113074302673e-02
7.270465046167373657e-02
5.534038692712783813e-02
6.375066936016082764e-02
7.759189605712890625e-02
2.852511033415794373e-02
