1.590002417564392090e+00
1.582336997985839844e+01
9.205396771430969238e-01
8.871225714683532715e-01
8.825249671936035156e-01
8.784744143486022949e-01
8.732231855392456055e-01
8.620918989181518555e-01
8.514624834060668945e-01
8.612711429595947266e-01
8.544068932533264160e-01
8.690936565399169922e-01
8.739296793937683105e-01
8.729010224342346191e-01
8.578515052795410156e-01
8.533861041069030762e-01
8.814568519592285156e-01
8.511503338813781738e-01
8.506688475608825684e-01
8.570361733436584473e-01
8.474001884460449219e-01
8.450934886932373047e-01
8.439033031463623047e-01
8.544784784317016602e-01
8.674520254135131836e-01
8.459599614143371582e-01
8.578428626060485840e-01
8.635675907135009766e-01
8.672122359275817871e-01
8.586500287055969238e-01
8.651981353759765625e-01
8.573988676071166992e-01
8.504321575164794922e-01
8.423182368278503418e-01
8.280780315399169922e-01
8.156875967979431152e-01
8.078392744064331055e-01
8.074873685836791992e-01
8.024891018867492676e-01
7.576881051063537598e-01
7.357742190361022949e-01
7.242289781570434570e-01
6.991046071052551270e-01
6.862420439720153809e-01
6.665205359458923340e-01
6.541832685470581055e-01
6.180445551872253418e-01
6.072199940681457520e-01
5.802946686744689941e-01
5.692920684814453125e-01
5.207880735397338867e-01
5.247394442558288574e-01
4.996107220649719238e-01
5.097731351852416992e-01
4.597004950046539307e-01
4.746277034282684326e-01
4.288244247436523438e-01
3.806660771369934082e-01
3.881048262119293213e-01
3.431383371353149414e-01
3.243948817253112793e-01
3.095445334911346436e-01
2.840543985366821289e-01
2.641105055809020996e-01
2.654757201671600342e-01
2.298469096422195435e-01
2.719824314117431641e-01
1.986583322286605835e-01
1.671043932437896729e-01
1.585392504930496216e-01
1.485274136066436768e-01
3.431709408760070801e-01
7.565900683403015137e-01
1.657156944274902344e-01
1.895034313201904297e-01
2.041969001293182373e-01
1.427464485168457031e-01
1.882946938276290894e-01
1.187710836529731750e-01
1.172999963164329529e-01
9.842043370008468628e-02
1.464570909738540649e-01
1.220207437872886658e-01
1.405967175960540771e-01
1.122344955801963806e-01
1.441797316074371338e-01
1.277803629636764526e-01
1.341832876205444336e-01
1.135983318090438843e-01
1.106633916497230530e-01
1.553764343261718750e-01
1.298801898956298828e-01
1.292927563190460205e-01
1.135462000966072083e-01
1.074988245964050293e-01
9.444562345743179321e-02
1.273456513881683350e-01
1.363509595394134521e-01
1.003964468836784363e-01
1.500905752182006836e-01
1.233476623892784119e-01
1.287894695997238159e-01
1.509714424610137939e-01
1.491718292236328125e-01
1.159815490245819092e-01
8.702157437801361084e-02
1.109069660305976868e-01
8.089867234230041504e-02
7.652117311954498291e-02
7.023378461599349976e-02
5.348923802375793457e-02
7.515107840299606323e-02
4.725225269794464111e-02
4.875818639993667603e-02
4.078609868884086609e-02
4.382105171680450439e-02
3.666296228766441345e-02
3.185086697340011597e-02
2.628215216100215912e-02
4.404641687870025635e-02
4.910380765795707703e-02
4.979572445154190063e-02
4.045572131872177124e-02
8.522815257310867310e-02
6.456707417964935303e-02
2.085978165268898010e-02
8.898191154003143311e-02
3.853692859411239624e-02
6.101428344845771790e-02
3.327962756156921387e-02
1.951785385608673096e-02
3.191219642758369446e-02
2.389631234109401703e-02
3.260578587651252747e-02
2.831683680415153503e-02
4.166548326611518860e-02
3.016661666333675385e-02
2.485906705260276794e-02
3.660171106457710266e-02
3.037936799228191376e-02
6.052209064364433289e-02
2.140977233648300171e-02
8.767729997634887695e-02
2.910186536610126495e-02
4.153932258486747742e-02
2.974988706409931183e-02
4.196364432573318481e-02
2.806199342012405396e-02
2.273596078157424927e-02
4.798937961459159851e-02
4.117223620414733887e-02
3.281103447079658508e-02
2.382361516356468201e-02
3.187198564410209656e-02
2.688026055693626404e-02
2.811186015605926514e-02
3.122453764081001282e-02
3.448739275336265564e-02
1.889531500637531281e-02
2.302810922265052795e-02
1.951470226049423218e-02
2.118841186165809631e-02
3.124320693314075470e-02
2.084833756089210510e-02
2.689834870398044586e-02
3.708245977759361267e-02
1.451437734067440033e-02
2.330910228192806244e-02
4.151091352105140686e-02
2.017698436975479126e-02
3.756994754076004028e-02
4.095219448208808899e-02
3.519286960363388062e-02
2.521926164627075195e-02
2.571219764649868011e-02
1.668652705848217010e-02
2.852728217840194702e-02
2.004986070096492767e-02
1.830531097948551178e-02
3.032312542200088501e-02
1.645227335393428802e-02
1.381307374686002731e-02
1.447310205549001694e-02
2.647935599088668823e-02
2.967608720064163208e-02
1.281364262104034424e-02
4.088407009840011597e-02
1.610461249947547913e-02
2.391778118908405304e-02
9.676630608737468719e-03
3.481932729482650757e-02
2.475316263735294342e-02
2.555128373205661774e-02
3.967374190688133240e-02
2.246245369315147400e-02
9.201195836067199707e-02
5.701613053679466248e-02
7.573507726192474365e-02
1.129623576998710632e-01
2.147534675896167755e-02
