4.742689430713653564e-01
1.250157833099365234e+00
2.394240498542785645e-01
1.837730705738067627e-01
1.801644712686538696e-01
1.792375445365905762e-01
1.784431487321853638e-01
1.779050081968307495e-01
1.774971932172775269e-01
1.772750765085220337e-01
1.771673560142517090e-01
1.771561652421951294e-01
1.772984117269515991e-01
1.774531602859497070e-01
1.776686012744903564e-01
1.778519302606582642e-01
1.781010031700134277e-01
1.783322244882583618e-01
1.784531474113464355e-01
1.785957217216491699e-01
1.788253039121627808e-01
1.790267676115036011e-01
1.793463081121444702e-01
1.797586530447006226e-01
1.801485121250152588e-01
1.805077791213989258e-01
1.809358745813369751e-01
1.812679320573806763e-01
1.815956830978393555e-01
1.818120032548904419e-01
1.818940192461013794e-01
1.820129603147506714e-01
1.822127997875213623e-01
1.823497712612152100e-01
1.824204772710800171e-01
1.824500113725662231e-01
1.824852824211120605e-01
1.824682056903839111e-01
1.823937296867370605e-01
1.823396384716033936e-01
1.823613792657852173e-01
1.824734658002853394e-01
1.825462579727172852e-01
1.825225055217742920e-01
1.825530529022216797e-01
1.826011091470718384e-01
1.826238334178924561e-01
1.826145052909851074e-01
1.826370954513549805e-01
1.826833486557006836e-01
1.826224923133850098e-01
1.825305968523025513e-01
1.824867129325866699e-01
1.824740022420883179e-01
1.823599189519882202e-01
1.821907758712768555e-01
1.820459216833114624e-01
1.818516701459884644e-01
1.816687136888504028e-01
1.817372888326644897e-01
1.821833252906799316e-01
1.826667338609695435e-01
1.829183995723724365e-01
1.830094307661056519e-01
1.829730868339538574e-01
1.828397214412689209e-01
1.827955842018127441e-01
1.827799379825592041e-01
1.826646476984024048e-01
1.825400590896606445e-01
1.823973357677459717e-01
1.822623461484909058e-01
1.822920590639114380e-01
1.824374943971633911e-01
1.825702339410781860e-01
1.827872693538665771e-01
1.829550117254257202e-01
1.829866915941238403e-01
1.829021424055099487e-01
1.828244626522064209e-01
1.828067302703857422e-01
1.827748119831085205e-01
1.827666759490966797e-01
1.829030513763427734e-01
1.831118166446685791e-01
1.832128167152404785e-01
1.831349730491638184e-01
1.830109059810638428e-01
1.829985380172729492e-01
1.831432431936264038e-01
1.832811236381530762e-01
1.833558380603790283e-01
1.834521889686584473e-01
1.835812926292419434e-01
1.838512718677520752e-01
1.843114495277404785e-01
1.845143288373947144e-01
1.845054924488067627e-01
1.844528615474700928e-01
1.843402385711669922e-01
1.840130686759948730e-01
1.835098266601562500e-01
1.830034852027893066e-01
1.825240701436996460e-01
1.820772737264633179e-01
1.817883104085922241e-01
1.818329840898513794e-01
1.819393187761306763e-01
1.822562664747238159e-01
1.827379316091537476e-01
1.830767244100570679e-01
1.835036724805831909e-01
1.838922202587127686e-01
1.841465979814529419e-01
1.844377219676971436e-01
1.848483085632324219e-01
1.849609166383743286e-01
1.846788972616195679e-01
1.841408312320709229e-01
1.834649145603179932e-01
1.828692555427551270e-01
1.825156658887863159e-01
1.824581176042556763e-01
1.823068708181381226e-01
1.821274161338806152e-01
1.820214092731475830e-01
1.820730865001678467e-01
1.824240684509277344e-01
1.827127039432525635e-01
1.830403208732604980e-01
1.834311038255691528e-01
1.842643022537231445e-01
1.853698045015335083e-01
1.861526966094970703e-01
1.868525892496109009e-01
1.873276084661483765e-01
1.872933655977249146e-01
1.868371665477752686e-01
1.862124502658843994e-01
1.856419295072555542e-01
1.849423348903656006e-01
1.840518414974212646e-01
1.829783022403717041e-01
1.819612830877304077e-01
1.812148839235305786e-01
1.808612346649169922e-01
1.807279884815216064e-01
1.806945502758026123e-01
1.807126402854919434e-01
1.808270215988159180e-01
1.812896281480789185e-01
1.818773895502090454e-01
1.823492795228958130e-01
1.823706328868865967e-01
1.821584105491638184e-01
1.818403005599975586e-01
1.817079037427902222e-01
1.821273714303970337e-01
1.828148812055587769e-01
1.837086677551269531e-01
1.845004409551620483e-01
1.848916411399841309e-01
1.851258724927902222e-01
1.852705627679824829e-01
1.853198558092117310e-01
1.854365020990371704e-01
1.852373033761978149e-01
1.848154217004776001e-01
1.846609711647033691e-01
1.845975816249847412e-01
1.845159977674484253e-01
1.841938048601150513e-01
1.836313009262084961e-01
1.831838041543960571e-01
1.831777840852737427e-01
1.835453361272811890e-01
1.841485351324081421e-01
1.843842864036560059e-01
1.843490898609161377e-01
1.843685954809188843e-01
1.842203289270401001e-01
1.840359270572662354e-01
1.836514174938201904e-01
1.828510910272598267e-01
1.821217983961105347e-01
1.817675381898880005e-01
1.812769174575805664e-01
1.807420551776885986e-01
1.803080290555953979e-01
1.799748688936233521e-01
1.797424554824829102e-01
1.795167773962020874e-01
1.793643683195114136e-01
1.794465333223342896e-01
1.795783489942550659e-01
1.796700060367584229e-01
1.797780245542526245e-01
1.797501742839813232e-01
1.797214448451995850e-01
1.799481362104415894e-01
