7.770426750183105469e+00
3.047022438049316406e+01
1.133534312248229980e+00
8.880056142807006836e-01
8.850940465927124023e-01
8.861843347549438477e-01
8.866180181503295898e-01
8.874723911285400391e-01
8.876338005065917969e-01
8.878841400146484375e-01
8.880437612533569336e-01
8.880140781402587891e-01
8.879808187484741211e-01
8.876256346702575684e-01
8.875352144241333008e-01
8.871511220932006836e-01
8.871493935585021973e-01
8.868433237075805664e-01
8.865621089935302734e-01
8.864367604255676270e-01
8.862792849540710449e-01
8.859561681747436523e-01
8.857771158218383789e-01
8.855833411216735840e-01
8.853054642677307129e-01
8.850635290145874023e-01
8.851779103279113770e-01
8.848384022712707520e-01
8.850076794624328613e-01
8.847934007644653320e-01
8.847503662109375000e-01
8.847280144691467285e-01
8.847595453262329102e-01
8.847151398658752441e-01
8.847096562385559082e-01
8.847008943557739258e-01
8.847430348396301270e-01
8.847010731697082520e-01
8.847037553787231445e-01
8.847337961196899414e-01
8.846970796585083008e-01
8.847376704216003418e-01
8.847022056579589844e-01
8.847364783287048340e-01
8.847235441207885742e-01
8.846946358680725098e-01
8.847040534019470215e-01
8.847211599349975586e-01
8.847196698188781738e-01
8.847020268440246582e-01
8.847015500068664551e-01
8.847014904022216797e-01
8.846976161003112793e-01
8.847235441207885742e-01
8.847054839134216309e-01
8.847054839134216309e-01
8.847062587738037109e-01
8.848327398300170898e-01
8.849942088127136230e-01
8.846619129180908203e-01
8.847827911376953125e-01
8.848773837089538574e-01
8.847215771675109863e-01
8.847259283065795898e-01
8.846894502639770508e-01
8.848018646240234375e-01
8.847486376762390137e-01
8.846893310546875000e-01
8.846840262413024902e-01
8.846873044967651367e-01
8.846950531005859375e-01
8.848948478698730469e-01
8.847735524177551270e-01
8.846939206123352051e-01
8.846737742424011230e-01
8.847396373748779297e-01
8.847340941429138184e-01
8.846977949142456055e-01
8.847110271453857422e-01
8.846988081932067871e-01
8.846968412399291992e-01
8.847134113311767578e-01
8.847027420997619629e-01
8.846921920776367188e-01
8.847852945327758789e-01
8.847213387489318848e-01
8.847091794013977051e-01
8.848230838775634766e-01
8.846964240074157715e-01
8.847056031227111816e-01
8.847345709800720215e-01
8.847415447235107422e-01
8.847395181655883789e-01
8.847957849502563477e-01
8.847735524177551270e-01
8.850873708724975586e-01
8.849880695343017578e-01
8.849893808364868164e-01
8.849632740020751953e-01
8.849046230316162109e-01
8.847911953926086426e-01
8.846970796585083008e-01
8.846484422683715820e-01
8.846318125724792480e-01
8.850803375244140625e-01
8.847767710685729980e-01
8.847598433494567871e-01
8.847566246986389160e-01
8.847190141677856445e-01
8.847231864929199219e-01
8.846331834793090820e-01
8.848826289176940918e-01
8.847874999046325684e-01
8.848314285278320312e-01
8.849022388458251953e-01
8.853284716606140137e-01
8.851509690284729004e-01
8.849437832832336426e-01
8.847566246986389160e-01
8.847681283950805664e-01
8.851456046104431152e-01
8.846948742866516113e-01
8.846998214721679688e-01
8.847246170043945312e-01
8.847250938415527344e-01
8.848053216934204102e-01
8.846911787986755371e-01
8.847827911376953125e-01
8.846488595008850098e-01
8.846277594566345215e-01
8.846291899681091309e-01
8.847696781158447266e-01
8.854106068611145020e-01
8.855478763580322266e-01
8.862555623054504395e-01
8.866219520568847656e-01
8.864354491233825684e-01
8.862638473510742188e-01
8.857438564300537109e-01
8.853855133056640625e-01
8.848536610603332520e-01
8.845874667167663574e-01
8.846805691719055176e-01
8.849309682846069336e-01
8.851243853569030762e-01
8.850112557411193848e-01
8.850873708724975586e-01
8.851079344749450684e-01
8.851054310798645020e-01
8.849617838859558105e-01
8.848680257797241211e-01
8.849600553512573242e-01
8.850092887878417969e-01
8.846899867057800293e-01
8.846884369850158691e-01
8.852943778038024902e-01
8.847223520278930664e-01
8.845217823982238770e-01
8.845005035400390625e-01
8.848202228546142578e-01
8.851698637008666992e-01
8.850996494293212891e-01
8.852321505546569824e-01
8.852873444557189941e-01
8.853020668029785156e-01
8.854936361312866211e-01
8.854907155036926270e-01
8.851655721664428711e-01
8.850480318069458008e-01
8.850141763687133789e-01
8.849884271621704102e-01
8.848049640655517578e-01
8.851801753044128418e-01
8.848327994346618652e-01
8.847078084945678711e-01
8.846946358680725098e-01
8.851606249809265137e-01
8.849509358406066895e-01
8.849533200263977051e-01
8.849757313728332520e-01
8.849853277206420898e-01
8.849112391471862793e-01
8.845196366310119629e-01
8.855304718017578125e-01
8.846735954284667969e-01
8.846764564514160156e-01
8.847844600677490234e-01
8.850382566452026367e-01
8.852010369300842285e-01
8.854379057884216309e-01
8.855884075164794922e-01
8.857892751693725586e-01
8.858315348625183105e-01
8.857951164245605469e-01
8.857502937316894531e-01
8.856294155120849609e-01
8.856977820396423340e-01
8.855865001678466797e-01
8.855743408203125000e-01
8.854815959930419922e-01
