7.507017850875854492e-01
2.095257639884948730e-01
1.958253234624862671e-01
1.790363490581512451e-01
1.725083142518997192e-01
1.787260770797729492e-01
1.786559224128723145e-01
1.654437333345413208e-01
1.584497690200805664e-01
1.663368940353393555e-01
1.691499352455139160e-01
1.605171710252761841e-01
1.613557934761047363e-01
1.625090986490249634e-01
1.568264961242675781e-01
1.536076366901397705e-01
1.479615122079849243e-01
1.418850421905517578e-01
1.592828482389450073e-01
1.499226987361907959e-01
1.797058135271072388e-01
1.584110707044601440e-01
1.485466063022613525e-01
1.406519263982772827e-01
1.372596025466918945e-01
1.275858432054519653e-01
1.364174336194992065e-01
1.354088783264160156e-01
1.240776106715202332e-01
1.658547669649124146e-01
1.427060514688491821e-01
1.360819190740585327e-01
1.315182447433471680e-01
1.273420155048370361e-01
1.348395347595214844e-01
1.176135390996932983e-01
1.320079714059829712e-01
1.070215180516242981e-01
1.292029172182083130e-01
1.253130286931991577e-01
1.119202673435211182e-01
1.281521469354629517e-01
1.176336705684661865e-01
1.072490438818931580e-01
9.789214283227920532e-02
1.175800114870071411e-01
1.131563037633895874e-01
1.033677831292152405e-01
1.213878244161605835e-01
1.009936928749084473e-01
1.061469838023185730e-01
1.180644333362579346e-01
1.249743551015853882e-01
1.424024254083633423e-01
1.790636777877807617e-01
1.478511989116668701e-01
1.296754777431488037e-01
1.121651604771614075e-01
1.122235208749771118e-01
9.337614476680755615e-02
1.017709150910377502e-01
1.078140735626220703e-01
1.642714887857437134e-01
1.235545873641967773e-01
1.113959401845932007e-01
1.175147593021392822e-01
1.171628683805465698e-01
9.488131850957870483e-02
1.021323055028915405e-01
9.731540828943252563e-02
1.412485539913177490e-01
1.350207328796386719e-01
9.811619669198989868e-02
9.221061319112777710e-02
9.945822507143020630e-02
1.519904285669326782e-01
1.158555373549461365e-01
1.174921020865440369e-01
9.869875758886337280e-02
1.234383434057235718e-01
9.952233731746673584e-02
1.498651802539825439e-01
1.383278816938400269e-01
1.053589954972267151e-01
1.017028018832206726e-01
9.832022339105606079e-02
1.216962188482284546e-01
1.006889790296554565e-01
1.154765188694000244e-01
1.837447583675384521e-01
1.494337618350982666e-01
1.456292867660522461e-01
9.765540063381195068e-02
9.154868125915527344e-02
8.618213981389999390e-02
9.196802228689193726e-02
9.196671098470687866e-02
9.285026043653488159e-02
7.991681993007659912e-02
9.223015606403350830e-02
9.497392177581787109e-02
1.205548867583274841e-01
9.604347497224807739e-02
1.157528609037399292e-01
1.130150854587554932e-01
1.270704120397567749e-01
1.181231141090393066e-01
1.259454190731048584e-01
2.258717119693756104e-01
1.139660030603408813e-01
1.134949848055839539e-01
1.178198456764221191e-01
1.069505065679550171e-01
1.297785043716430664e-01
9.698358923196792603e-02
7.742850482463836670e-02
8.317403495311737061e-02
9.259916096925735474e-02
1.023187041282653809e-01
9.024720638990402222e-02
1.165674179792404175e-01
1.113181710243225098e-01
1.157377213239669800e-01
9.481651335954666138e-02
9.573859721422195435e-02
8.390828967094421387e-02
8.018470555543899536e-02
7.759119570255279541e-02
7.178211212158203125e-02
7.007931172847747803e-02
6.719176471233367920e-02
9.732468426227569580e-02
1.100260615348815918e-01
1.025411784648895264e-01
1.024964079260826111e-01
9.202270954847335815e-02
8.430977910757064819e-02
8.390132337808609009e-02
9.015651047229766846e-02
8.021517843008041382e-02
1.411136239767074585e-01
9.122461825609207153e-02
1.016927883028984070e-01
7.698783278465270996e-02
7.798563688993453979e-02
1.111762151122093201e-01
1.398321986198425293e-01
9.131976217031478882e-02
9.697651118040084839e-02
9.844260662794113159e-02
1.001345738768577576e-01
9.663454443216323853e-02
1.026100218296051025e-01
1.089305728673934937e-01
9.212835878133773804e-02
1.040525287389755249e-01
1.328846514225006104e-01
7.856882363557815552e-02
8.823315799236297607e-02
9.049776196479797363e-02
7.839909940958023071e-02
1.071859151124954224e-01
1.220250874757766724e-01
7.486630231142044067e-02
6.635950505733489990e-02
7.523190975189208984e-02
7.434502243995666504e-02
7.828518003225326538e-02
7.006151974201202393e-02
8.539423346519470215e-02
8.534076064825057983e-02
1.093348041176795959e-01
1.165839508175849915e-01
1.047441065311431885e-01
7.536242902278900146e-02
8.361138403415679932e-02
1.018659099936485291e-01
7.572682946920394897e-02
7.120916992425918579e-02
6.210587918758392334e-02
1.131139099597930908e-01
1.016121581196784973e-01
9.816116094589233398e-02
8.508284389972686768e-02
8.320929855108261108e-02
1.158247888088226318e-01
7.518523931503295898e-02
7.426426559686660767e-02
8.046987652778625488e-02
8.219817280769348145e-02
6.625542789697647095e-02
6.920563429594039917e-02
5.924737453460693359e-02
8.451211452484130859e-02
9.679005295038223267e-02
7.343281060457229614e-02
1.150414422154426575e-01
1.145203486084938049e-01
1.083187758922576904e-01
6.315232813358306885e-02
6.750407814979553223e-02
1.128723174333572388e-01
9.643347561359405518e-02
1.124547719955444336e-01
8.945122361183166504e-02
7.481347024440765381e-02
8.235591650009155273e-02
1.011633947491645813e-01
5.699698999524116516e-02
5.286065116524696350e-02
5.935408174991607666e-02
5.366194993257522583e-02
5.116175487637519836e-02
4.772946983575820923e-02
6.390175968408584595e-02
4.713146016001701355e-02
5.710570886731147766e-02
5.859589949250221252e-02
4.579210653901100159e-02
5.425550788640975952e-02
4.968862235546112061e-02
5.532007291913032532e-02
4.359481111168861389e-02
4.561122506856918335e-02
4.049822688102722168e-02
4.884394258260726929e-02
3.758941590785980225e-02
4.445097967982292175e-02
4.685202986001968384e-02
3.639160096645355225e-02
5.034557729959487915e-02
5.348999053239822388e-02
5.816226825118064880e-02
6.506562232971191406e-02
6.864772737026214600e-02
5.689849704504013062e-02
4.794840514659881592e-02
5.739352852106094360e-02
5.136720091104507446e-02
4.377395287156105042e-02
5.643077194690704346e-02
4.197192564606666565e-02
4.405624419450759888e-02
5.137455090880393982e-02
5.005638301372528076e-02
4.451098665595054626e-02
6.274969130754470825e-02
5.166894197463989258e-02
7.304909080266952515e-02
4.798312485218048096e-02
4.423381015658378601e-02
3.904312849044799805e-02
3.882504254579544067e-02
3.544807806611061096e-02
4.981693997979164124e-02
4.732666537165641785e-02
3.885241597890853882e-02
4.342674091458320618e-02
4.223731905221939087e-02
4.100852832198143005e-02
3.146396204829216003e-02
3.056410700082778931e-02
4.273165017366409302e-02
4.159865155816078186e-02
3.756233677268028259e-02
5.197078734636306763e-02
5.611259490251541138e-02
5.651800706982612610e-02
5.544836074113845825e-02
5.007590353488922119e-02
6.576398760080337524e-02
6.635579466819763184e-02
4.531128332018852234e-02
5.488239601254463196e-02
5.526170507073402405e-02
5.781927332282066345e-02
6.950094550848007202e-02
7.231492549180984497e-02
4.774576053023338318e-02
4.115253686904907227e-02
5.087837949395179749e-02
6.023762002587318420e-02
6.206776201725006104e-02
4.965135827660560608e-02
4.160795360803604126e-02
3.770326450467109680e-02
3.482726216316223145e-02
3.523378074169158936e-02
3.243241831660270691e-02
3.283971920609474182e-02
6.057698652148246765e-02
4.636924713850021362e-02
8.006069809198379517e-02
7.100728899240493774e-02
6.044369563460350037e-02
6.230298057198524475e-02
4.770030081272125244e-02
5.433622002601623535e-02
3.475366160273551941e-02
3.339023515582084656e-02
