2.527825546264648438e+01
9.294773936271667480e-01
8.945736885070800781e-01
9.082697629928588867e-01
8.964467048645019531e-01
8.434333205223083496e-01
8.260412812232971191e-01
7.940475344657897949e-01
7.940024733543395996e-01
7.886362671852111816e-01
7.840925455093383789e-01
7.828593254089355469e-01
7.715157270431518555e-01
7.682813405990600586e-01
7.522138953208923340e-01
7.387095093727111816e-01
7.320424318313598633e-01
7.119826078414916992e-01
7.117595076560974121e-01
7.022417187690734863e-01
7.544215321540832520e-01
6.931645870208740234e-01
7.007577419281005859e-01
6.309254169464111328e-01
6.096726655960083008e-01
6.167328953742980957e-01
6.076313853263854980e-01
5.710892081260681152e-01
5.657128095626831055e-01
6.817100048065185547e-01
6.076307892799377441e-01
5.728687047958374023e-01
5.496132969856262207e-01
5.392562150955200195e-01
5.380473732948303223e-01
4.993718564510345459e-01
5.896421670913696289e-01
4.302127361297607422e-01
5.076774358749389648e-01
4.667737483978271484e-01
4.076243937015533447e-01
4.643739759922027588e-01
4.339191913604736328e-01
3.963602483272552490e-01
3.579920232295989990e-01
3.852509856224060059e-01
4.219680130481719971e-01
3.660560250282287598e-01
4.681317806243896484e-01
3.881725072860717773e-01
3.919996619224548340e-01
4.094021022319793701e-01
4.400025308132171631e-01
4.611915349960327148e-01
6.687356233596801758e-01
4.915094077587127686e-01
5.066180229187011719e-01
3.333583772182464600e-01
4.052652418613433838e-01
2.856638431549072266e-01
3.141840696334838867e-01
3.266178369522094727e-01
5.475767850875854492e-01
3.814814984798431396e-01
3.322320282459259033e-01
3.543128371238708496e-01
3.382009267807006836e-01
2.748117148876190186e-01
3.338156938552856445e-01
3.632204532623291016e-01
4.596220254898071289e-01
4.440833330154418945e-01
3.372952342033386230e-01
2.760150730609893799e-01
2.770985960960388184e-01
4.850597083568572998e-01
3.516285121440887451e-01
3.243437707424163818e-01
2.600738406181335449e-01
3.573826849460601807e-01
2.850254178047180176e-01
4.783713221549987793e-01
4.052617549896240234e-01
3.327348232269287109e-01
3.062649965286254883e-01
2.589319050312042236e-01
4.251958131790161133e-01
2.959157526493072510e-01
3.273336589336395264e-01
6.968471407890319824e-01
4.949244260787963867e-01
4.652305543422698975e-01
2.906803488731384277e-01
2.732338011264801025e-01
2.519339323043823242e-01
2.593947350978851318e-01
2.380119711160659790e-01
2.783399522304534912e-01
2.009358257055282593e-01
2.883278727531433105e-01
2.961755096912384033e-01
3.336420357227325439e-01
2.506944537162780762e-01
4.124661982059478760e-01
3.634417951107025146e-01
3.812884092330932617e-01
3.636384904384613037e-01
4.225984513759613037e-01
9.108132123947143555e-01
3.730350732803344727e-01
3.313041031360626221e-01
3.527643978595733643e-01
3.106135725975036621e-01
3.947296142578125000e-01
2.678579390048980713e-01
2.002296000719070435e-01
2.111889868974685669e-01
2.294092476367950439e-01
2.564225196838378906e-01
2.325236350297927856e-01
3.069469928741455078e-01
3.568713963031768799e-01
3.276387751102447510e-01
2.313342690467834473e-01
2.683489918708801270e-01
2.456769794225692749e-01
2.225459069013595581e-01
2.183202058076858521e-01
1.777561306953430176e-01
1.578648686408996582e-01
1.493886411190032959e-01
2.111357301473617554e-01
2.498424053192138672e-01
2.459661662578582764e-01
2.486347109079360962e-01
2.037694305181503296e-01
2.163655310869216919e-01
1.942392140626907349e-01
2.296164929866790771e-01
1.964337974786758423e-01
3.948373794555664062e-01
2.042287141084671021e-01
2.241927683353424072e-01
1.706210225820541382e-01
1.766676157712936401e-01
2.687495052814483643e-01
3.838396370410919189e-01
2.354450523853302002e-01
2.300820350646972656e-01
2.637962102890014648e-01
2.494630217552185059e-01
2.333732247352600098e-01
2.471765279769897461e-01
2.854928076267242432e-01
1.974843442440032959e-01
2.767425775527954102e-01
3.553428649902343750e-01
1.569301933050155640e-01
1.921548694372177124e-01
1.986790001392364502e-01
1.909686326980590820e-01
2.951660752296447754e-01
3.253561854362487793e-01
1.539656221866607666e-01
1.405746340751647949e-01
1.886908710002899170e-01
1.607633978128433228e-01
2.017759531736373901e-01
1.498821973800659180e-01
2.318250834941864014e-01
2.023545205593109131e-01
2.540287673473358154e-01
3.365194797515869141e-01
2.311712503433227539e-01
1.441943794488906860e-01
1.651370078325271606e-01
2.117315083742141724e-01
1.505214273929595947e-01
1.883527785539627075e-01
1.292042732238769531e-01
2.690994739532470703e-01
2.434741109609603882e-01
1.961949765682220459e-01
1.649367958307266235e-01
1.637079864740371704e-01
2.732779979705810547e-01
1.574337035417556763e-01
1.416171342134475708e-01
1.437779664993286133e-01
1.447941511869430542e-01
1.052232757210731506e-01
1.175497919321060181e-01
1.109217107295989990e-01
1.626296639442443848e-01
1.937407106161117554e-01
1.657243818044662476e-01
2.564907968044281006e-01
2.608167231082916260e-01
2.468971759080886841e-01
1.060051769018173218e-01
1.662089228630065918e-01
2.505506575107574463e-01
2.050378471612930298e-01
2.453563660383224487e-01
1.737128496170043945e-01
1.218484416604042053e-01
1.482087224721908569e-01
1.984655112028121948e-01
9.204785525798797607e-02
7.281600683927536011e-02
9.907872974872589111e-02
7.434256374835968018e-02
7.082068920135498047e-02
8.109228312969207764e-02
9.523586928844451904e-02
6.323815137147903442e-02
8.918817341327667236e-02
8.103145658969879150e-02
6.318673491477966309e-02
8.887411653995513916e-02
6.291116774082183838e-02
7.773342728614807129e-02
5.310033261775970459e-02
6.126814708113670349e-02
4.716828465461730957e-02
5.690318346023559570e-02
4.023452475666999817e-02
5.699625983834266663e-02
5.831332504749298096e-02
4.591288045048713684e-02
6.269305944442749023e-02
6.433624029159545898e-02
7.963949441909790039e-02
1.147431507706642151e-01
1.006384566426277161e-01
8.568142354488372803e-02
5.355552956461906433e-02
7.302217930555343628e-02
6.064987927675247192e-02
5.023436993360519409e-02
7.873184233903884888e-02
5.221414566040039062e-02
5.064893513917922974e-02
6.574561446905136108e-02
5.894788354635238647e-02
5.184011161327362061e-02
8.464975655078887939e-02
6.961606442928314209e-02
1.160142645239830017e-01
5.612798407673835754e-02
4.690541326999664307e-02
4.361996427178382874e-02
4.734795540571212769e-02
3.524566814303398132e-02
5.899303033947944641e-02
5.223890021443367004e-02
4.155883193016052246e-02
4.670515656471252441e-02
5.028111115097999573e-02
4.617208614945411682e-02
2.865483611822128296e-02
3.340442106127738953e-02
4.620704799890518188e-02
4.176801815629005432e-02
4.295495525002479553e-02
6.122252345085144043e-02
7.013721764087677002e-02
6.928768754005432129e-02
6.932173669338226318e-02
5.714904889464378357e-02
8.841869980096817017e-02
9.470611065626144409e-02
8.807749301195144653e-02
1.088832169771194458e-01
1.051147505640983582e-01
1.060989126563072205e-01
1.205267980694770813e-01
1.156653910875320435e-01
5.961467698216438293e-02
4.546636715531349182e-02
7.074679434299468994e-02
7.786206156015396118e-02
9.897582232952117920e-02
5.579300969839096069e-02
4.648245871067047119e-02
3.842883557081222534e-02
3.395517915487289429e-02
3.439591079950332642e-02
2.974684908986091614e-02
3.048939630389213562e-02
7.923267781734466553e-02
5.503724515438079834e-02
1.336625963449478149e-01
1.092954427003860474e-01
7.918018847703933716e-02
8.083678781986236572e-02
5.305169522762298584e-02
8.149075508117675781e-02
3.554742410778999329e-02
3.555396571755409241e-02
