5.239037275314331055e-01
3.945222496986389160e-01
3.662124872207641602e-01
3.510298728942871094e-01
3.406090736389160156e-01
3.274540901184082031e-01
3.210198283195495605e-01
3.139260709285736084e-01
3.079872727394104004e-01
2.980231344699859619e-01
2.999372482299804688e-01
2.916751503944396973e-01
2.934503257274627686e-01
2.892615497112274170e-01
2.807214856147766113e-01
2.792989015579223633e-01
2.751513719558715820e-01
2.735265195369720459e-01
2.719317078590393066e-01
2.732282876968383789e-01
2.677789926528930664e-01
2.651344537734985352e-01
2.639065980911254883e-01
2.589674293994903564e-01
2.566173076629638672e-01
2.550490200519561768e-01
2.535573542118072510e-01
2.542643547058105469e-01
2.512479424476623535e-01
2.494576573371887207e-01
2.481450736522674561e-01
2.477128356695175171e-01
2.444647252559661865e-01
2.398544549942016602e-01
2.393255382776260376e-01
2.418735772371292114e-01
2.388681322336196899e-01
2.346369028091430664e-01
2.350122928619384766e-01
2.374237775802612305e-01
2.365109622478485107e-01
2.333135753870010376e-01
2.327680587768554688e-01
2.270995825529098511e-01
2.311928719282150269e-01
2.285567224025726318e-01
2.258501946926116943e-01
2.242787778377532959e-01
2.248328328132629395e-01
2.223216593265533447e-01
2.229284048080444336e-01
2.177907824516296387e-01
2.212299406528472900e-01
2.182725667953491211e-01
2.187830060720443726e-01
2.194095253944396973e-01
2.197997272014617920e-01
2.173298001289367676e-01
2.163905203342437744e-01
2.145440876483917236e-01
2.130191922187805176e-01
2.111811786890029907e-01
2.105433195829391479e-01
2.097048759460449219e-01
2.121565341949462891e-01
2.106393575668334961e-01
2.082619518041610718e-01
2.087348401546478271e-01
2.055476754903793335e-01
2.051028907299041748e-01
2.009582817554473877e-01
2.064034193754196167e-01
2.047709822654724121e-01
2.036151289939880371e-01
1.983793973922729492e-01
2.037218064069747925e-01
1.993371099233627319e-01
2.000195682048797607e-01
1.992364525794982910e-01
1.986166834831237793e-01
1.983628273010253906e-01
1.979391872882843018e-01
1.965564191341400146e-01
1.948718428611755371e-01
1.956469714641571045e-01
1.957386285066604614e-01
1.986421942710876465e-01
1.910641193389892578e-01
1.911592036485671997e-01
1.894514560699462891e-01
1.889010369777679443e-01
1.920188963413238525e-01
1.923428922891616821e-01
1.900321245193481445e-01
1.877956837415695190e-01
1.888684481382369995e-01
1.893267035484313965e-01
1.896518915891647339e-01
1.863807290792465210e-01
1.859427243471145630e-01
1.843146085739135742e-01
1.866962015628814697e-01
1.895764172077178955e-01
1.841149777173995972e-01
1.851330101490020752e-01
1.856463253498077393e-01
1.835353225469589233e-01
1.836193054914474487e-01
1.814207136631011963e-01
1.817409694194793701e-01
1.807879209518432617e-01
1.811192333698272705e-01
1.806730180978775024e-01
1.801368445158004761e-01
1.805272102355957031e-01
1.790542900562286377e-01
1.795207560062408447e-01
1.779993474483489990e-01
1.791151165962219238e-01
1.802697032690048218e-01
1.763911843299865723e-01
1.755620241165161133e-01
1.775393784046173096e-01
1.766391396522521973e-01
1.769070029258728027e-01
1.742737591266632080e-01
1.764084398746490479e-01
1.777406185865402222e-01
1.747848987579345703e-01
1.768201887607574463e-01
1.761827021837234497e-01
1.731982231140136719e-01
1.725133806467056274e-01
1.714628040790557861e-01
1.702489554882049561e-01
1.695390492677688599e-01
1.724332869052886963e-01
1.701834797859191895e-01
1.729494780302047729e-01
1.714082956314086914e-01
1.681423634290695190e-01
1.709242463111877441e-01
1.702581644058227539e-01
1.663955003023147583e-01
1.702960580587387085e-01
1.671550273895263672e-01
1.673710644245147705e-01
1.657585501670837402e-01
1.685906499624252319e-01
1.636760681867599487e-01
1.670163869857788086e-01
1.656098067760467529e-01
1.664796918630599976e-01
1.632702946662902832e-01
1.657683998346328735e-01
1.638478040695190430e-01
1.647021770477294922e-01
1.632005870342254639e-01
1.627099364995956421e-01
1.619835197925567627e-01
1.632639765739440918e-01
1.614733934402465820e-01
1.629862189292907715e-01
1.659631133079528809e-01
1.622498035430908203e-01
1.606649607419967651e-01
1.614723354578018188e-01
1.625355035066604614e-01
1.600354909896850586e-01
1.598433405160903931e-01
1.592120826244354248e-01
1.593803614377975464e-01
1.592105627059936523e-01
1.604634225368499756e-01
1.574145555496215820e-01
1.594852805137634277e-01
1.575238257646560669e-01
1.589436978101730347e-01
1.573444008827209473e-01
1.573614031076431274e-01
1.574793905019760132e-01
1.574330329895019531e-01
1.562615931034088135e-01
1.551891416311264038e-01
1.565943956375122070e-01
1.564075350761413574e-01
1.557741016149520874e-01
1.557286679744720459e-01
1.564369499683380127e-01
1.559449881315231323e-01
1.520078778266906738e-01
1.558108776807785034e-01
1.561634987592697144e-01
1.556859314441680908e-01
1.565183252096176147e-01
1.554030478000640869e-01
1.523274779319763184e-01
1.504248976707458496e-01
1.508532911539077759e-01
1.534259915351867676e-01
1.427292227745056152e-01
1.416949778795242310e-01
1.407989561557769775e-01
1.400911957025527954e-01
1.422303915023803711e-01
1.387057304382324219e-01
1.395077109336853027e-01
1.416302174329757690e-01
1.390977203845977783e-01
1.389797031879425049e-01
1.397427320480346680e-01
1.395951211452484131e-01
1.383915841579437256e-01
1.387884765863418579e-01
1.390301138162612915e-01
1.384606063365936279e-01
1.380636096000671387e-01
1.392325162887573242e-01
1.374003887176513672e-01
1.384479403495788574e-01
1.386982798576354980e-01
1.390932202339172363e-01
1.377916634082794189e-01
1.369705349206924438e-01
1.369031220674514771e-01
1.365067809820175171e-01
1.375320702791213989e-01
1.357570588588714600e-01
1.388164013624191284e-01
1.374824941158294678e-01
1.360677331686019897e-01
1.363297700881958008e-01
1.447935849428176880e-01
1.380222290754318237e-01
1.381774842739105225e-01
1.383019983768463135e-01
1.380204856395721436e-01
1.364577114582061768e-01
1.374446898698806763e-01
1.358832716941833496e-01
1.353841423988342285e-01
1.349467337131500244e-01
1.348241120576858521e-01
1.347437053918838501e-01
1.360436379909515381e-01
1.344866007566452026e-01
1.344013810157775879e-01
1.341322213411331177e-01
1.341616362333297729e-01
1.342067420482635498e-01
1.333446800708770752e-01
1.345435529947280884e-01
1.334290206432342529e-01
1.346033960580825806e-01
1.338836401700973511e-01
1.348140388727188110e-01
1.328912675380706787e-01
1.334250718355178833e-01
1.345179080963134766e-01
1.349770277738571167e-01
1.342792809009552002e-01
1.346016377210617065e-01
1.345129609107971191e-01
1.330247819423675537e-01
1.339543014764785767e-01
1.317446231842041016e-01
1.329865306615829468e-01
1.335507035255432129e-01
1.318089514970779419e-01
1.295442730188369751e-01
1.311771571636199951e-01
1.321354806423187256e-01
1.303609311580657959e-01
1.313712596893310547e-01
1.306889206171035767e-01
1.302447021007537842e-01
1.325303912162780762e-01
1.319898366928100586e-01
1.305972188711166382e-01
1.326707452535629272e-01
1.309578120708465576e-01
1.306013017892837524e-01
1.302389055490493774e-01
1.324548125267028809e-01
1.304924488067626953e-01
1.307443082332611084e-01
1.306130737066268921e-01
1.305758059024810791e-01
1.293049454689025879e-01
1.319643259048461914e-01
1.304842829704284668e-01
1.308174282312393188e-01
1.291635185480117798e-01
1.290700584650039673e-01
1.277163624763488770e-01
1.310676783323287964e-01
1.281023919582366943e-01
1.325927972793579102e-01
1.294049471616744995e-01
1.291722357273101807e-01
1.291970461606979370e-01
1.312326192855834961e-01
1.288487464189529419e-01
1.302552968263626099e-01
1.310083568096160889e-01
1.293658912181854248e-01
1.291134655475616455e-01
1.284349560737609863e-01
1.287742853164672852e-01
1.289630234241485596e-01
1.259551942348480225e-01
1.275582909584045410e-01
1.284386813640594482e-01
1.271750628948211670e-01
1.270355880260467529e-01
1.276245415210723877e-01
1.278727501630783081e-01
1.295534670352935791e-01
1.283674985170364380e-01
1.272833496332168579e-01
1.269777119159698486e-01
1.281375885009765625e-01
1.289627999067306519e-01
1.278609782457351685e-01
1.270736157894134521e-01
1.271226704120635986e-01
1.271453350782394409e-01
1.274453401565551758e-01
1.266324520111083984e-01
1.276602447032928467e-01
1.278087943792343140e-01
1.267519146203994751e-01
1.244940385222434998e-01
1.257930546998977661e-01
1.297975480556488037e-01
1.268521696329116821e-01
1.266555637121200562e-01
1.260662525892257690e-01
1.255307793617248535e-01
1.257781386375427246e-01
1.268436312675476074e-01
1.260847151279449463e-01
1.256338059902191162e-01
1.261560469865798950e-01
1.268080621957778931e-01
1.229277700185775757e-01
1.270074099302291870e-01
1.240765303373336792e-01
1.241322383284568787e-01
1.242365986108779907e-01
1.245831325650215149e-01
1.272126585245132446e-01
1.265032142400741577e-01
1.262617856264114380e-01
1.245688498020172119e-01
1.231124401092529297e-01
1.247017607092857361e-01
1.231604814529418945e-01
1.249083578586578369e-01
1.231336742639541626e-01
1.236439496278762817e-01
1.240516975522041321e-01
1.242157369852066040e-01
1.238162964582443237e-01
1.235279366374015808e-01
1.226456314325332642e-01
1.221249625086784363e-01
1.235670670866966248e-01
1.237292587757110596e-01
1.215381249785423279e-01
1.234496980905532837e-01
1.226951479911804199e-01
1.241615191102027893e-01
1.234047189354896545e-01
1.230661720037460327e-01
1.228901296854019165e-01
1.232960298657417297e-01
1.215824484825134277e-01
1.217938661575317383e-01
1.248204708099365234e-01
1.245300471782684326e-01
1.218416318297386169e-01
1.228567659854888916e-01
1.224745810031890869e-01
1.223215013742446899e-01
1.199425756931304932e-01
1.219032183289527893e-01
1.215072944760322571e-01
1.211170107126235962e-01
1.227978318929672241e-01
1.210585981607437134e-01
1.214651614427566528e-01
1.215413510799407959e-01
1.193411946296691895e-01
1.203827112913131714e-01
1.210634186863899231e-01
1.207115799188613892e-01
1.227798312902450562e-01
1.206847354769706726e-01
1.209711953997612000e-01
1.158777102828025818e-01
1.154200211167335510e-01
1.139133498072624207e-01
1.133862733840942383e-01
1.154280453920364380e-01
1.126659661531448364e-01
1.128506511449813843e-01
1.138844862580299377e-01
1.141940653324127197e-01
1.144992411136627197e-01
1.135277450084686279e-01
1.132168099284172058e-01
1.143542751669883728e-01
1.133792400360107422e-01
1.142944470047950745e-01
1.134769171476364136e-01
1.130061596632003784e-01
1.121888905763626099e-01
1.131650805473327637e-01
1.118146553635597229e-01
1.132574528455734253e-01
1.127826869487762451e-01
1.123417168855667114e-01
1.127739474177360535e-01
1.115457192063331604e-01
1.125496104359626770e-01
1.131123453378677368e-01
1.127955093979835510e-01
1.142188459634780884e-01
1.123892515897750854e-01
1.129360496997833252e-01
1.131196767091751099e-01
1.135071069002151489e-01
1.120828092098236084e-01
1.112201139330863953e-01
1.133235991001129150e-01
1.126386672258377075e-01
1.114684939384460449e-01
1.129410117864608765e-01
1.125436872243881226e-01
1.119518131017684937e-01
1.110769659280776978e-01
1.113891750574111938e-01
1.120053380727767944e-01
1.129542887210845947e-01
1.116458177566528320e-01
1.113546192646026611e-01
1.106443107128143311e-01
1.118584126234054565e-01
1.128673329949378967e-01
1.122248768806457520e-01
1.116038262844085693e-01
1.104312092065811157e-01
1.136430352926254272e-01
1.129902452230453491e-01
1.132830977439880371e-01
1.126831620931625366e-01
1.111773848533630371e-01
1.117021217942237854e-01
1.112233400344848633e-01
1.119533032178878784e-01
1.105649322271347046e-01
1.109110862016677856e-01
1.129050850868225098e-01
1.125801950693130493e-01
1.126429960131645203e-01
1.114915609359741211e-01
1.106131747364997864e-01
1.124498695135116577e-01
1.109961122274398804e-01
1.101664155721664429e-01
1.115204244852066040e-01
1.096524894237518311e-01
1.105331778526306152e-01
1.116434186697006226e-01
1.115725636482238770e-01
1.103589385747909546e-01
1.103268712759017944e-01
1.103655248880386353e-01
1.110035479068756104e-01
1.111520826816558838e-01
1.114482656121253967e-01
1.100487112998962402e-01
1.107507050037384033e-01
1.103351712226867676e-01
1.097684651613235474e-01
1.101778149604797363e-01
1.110004559159278870e-01
1.106483191251754761e-01
1.120454818010330200e-01
1.108896732330322266e-01
1.104285269975662231e-01
1.114569604396820068e-01
1.089034825563430786e-01
1.106488481163978577e-01
1.104339361190795898e-01
1.111279129981994629e-01
1.100622415542602539e-01
1.103258430957794189e-01
1.114262640476226807e-01
1.102013438940048218e-01
1.104429662227630615e-01
1.100408807396888733e-01
1.099382936954498291e-01
1.108647882938385010e-01
1.109768152236938477e-01
1.113773584365844727e-01
1.095667481422424316e-01
1.108480840921401978e-01
1.088263094425201416e-01
1.093151345849037170e-01
1.097783595323562622e-01
1.104312986135482788e-01
1.081286668777465820e-01
1.094272360205650330e-01
1.078746914863586426e-01
1.090931221842765808e-01
1.090265959501266479e-01
1.091904342174530029e-01
1.082483530044555664e-01
1.084704473614692688e-01
1.089232265949249268e-01
1.097465604543685913e-01
1.087606996297836304e-01
1.094240024685859680e-01
1.090595275163650513e-01
1.083438023924827576e-01
1.092702746391296387e-01
1.087858453392982483e-01
1.102150231599807739e-01
1.088463813066482544e-01
1.089079901576042175e-01
1.086452156305313110e-01
1.089403927326202393e-01
1.081976890563964844e-01
1.089214384555816650e-01
1.078654080629348755e-01
1.081559956073760986e-01
1.090723872184753418e-01
1.083411574363708496e-01
1.097718253731727600e-01
1.086422204971313477e-01
1.084218770265579224e-01
1.093016117811203003e-01
1.079268977046012878e-01
1.090368926525115967e-01
1.075268536806106567e-01
1.087576001882553101e-01
1.082054674625396729e-01
1.090947240591049194e-01
1.087516546249389648e-01
1.089803725481033325e-01
1.083572432398796082e-01
1.086809635162353516e-01
1.078556254506111145e-01
1.075958758592605591e-01
1.080545932054519653e-01
1.090026199817657471e-01
1.082747280597686768e-01
1.080207228660583496e-01
1.089343875646591187e-01
1.075798720121383667e-01
1.073723584413528442e-01
1.073830425739288330e-01
1.076506227254867554e-01
1.069359555840492249e-01
1.087565794587135315e-01
1.069507226347923279e-01
1.083359494805335999e-01
1.066078916192054749e-01
1.060264632105827332e-01
1.068719625473022461e-01
1.078777238726615906e-01
1.069335043430328369e-01
1.070342212915420532e-01
1.062933132052421570e-01
1.084879189729690552e-01
1.072931587696075439e-01
1.081776916980743408e-01
1.072864681482315063e-01
1.077865436673164368e-01
1.074145957827568054e-01
1.075864061713218689e-01
1.065222322940826416e-01
1.070403605699539185e-01
1.081981360912322998e-01
1.063749715685844421e-01
1.058432832360267639e-01
1.071017384529113770e-01
1.057752221822738647e-01
1.067586913704872131e-01
1.063893064856529236e-01
1.060069054365158081e-01
1.065176576375961304e-01
1.061766892671585083e-01
1.073586046695709229e-01
1.055233478546142578e-01
1.068388670682907104e-01
1.062419489026069641e-01
1.060313582420349121e-01
1.032911762595176697e-01
1.041490212082862854e-01
1.032020151615142822e-01
1.051554679870605469e-01
1.028798073530197144e-01
1.037197634577751160e-01
1.033386290073394775e-01
1.036920621991157532e-01
1.030740961432456970e-01
1.043249890208244324e-01
1.025254130363464355e-01
1.029834002256393433e-01
1.037286594510078430e-01
1.031773611903190613e-01
1.027630269527435303e-01
1.021631136536598206e-01
1.024824380874633789e-01
1.035264432430267334e-01
1.025290712714195251e-01
1.027922332286834717e-01
1.019804254174232483e-01
1.034950241446495056e-01
1.024764925241470337e-01
1.032841205596923828e-01
1.022598445415496826e-01
1.025672405958175659e-01
1.019028872251510620e-01
1.017976403236389160e-01
1.026551797986030579e-01
1.024091467261314392e-01
1.034145355224609375e-01
1.021614968776702881e-01
1.019652038812637329e-01
1.028664335608482361e-01
1.017123088240623474e-01
1.015130802989006042e-01
1.019098907709121704e-01
1.026070415973663330e-01
1.013221889734268188e-01
1.031973287463188171e-01
1.015213504433631897e-01
1.032357364892959595e-01
1.024561300873756409e-01
1.015584319829940796e-01
1.025356054306030273e-01
1.025275588035583496e-01
1.029748618602752686e-01
1.028156131505966187e-01
1.033251434564590454e-01
1.023165881633758545e-01
1.030731499195098877e-01
1.026949882507324219e-01
1.019741967320442200e-01
1.021328642964363098e-01
1.029029339551925659e-01
1.021350696682929993e-01
1.019868180155754089e-01
1.011058315634727478e-01
1.020554155111312866e-01
1.029248237609863281e-01
1.019160151481628418e-01
1.015746891498565674e-01
1.018314659595489502e-01
1.012961864471435547e-01
1.013327836990356445e-01
1.006616652011871338e-01
1.015361696481704712e-01
1.010719984769821167e-01
1.024739146232604980e-01
1.028185337781906128e-01
1.022401899099349976e-01
1.015183255076408386e-01
1.012933105230331421e-01
1.012207269668579102e-01
1.019461005926132202e-01
1.018781065940856934e-01
1.012708693742752075e-01
1.010727882385253906e-01
1.019276753067970276e-01
1.017382368445396423e-01
1.024054214358329773e-01
1.008427292108535767e-01
1.019305065274238586e-01
1.029732525348663330e-01
1.005826741456985474e-01
1.015967950224876404e-01
1.002406701445579529e-01
1.012394651770591736e-01
1.018730849027633667e-01
1.011094152927398682e-01
1.019608303904533386e-01
1.011271625757217407e-01
1.024194210767745972e-01
1.016354933381080627e-01
1.012433469295501709e-01
1.014957129955291748e-01
1.005638241767883301e-01
1.017692983150482178e-01
1.014937460422515869e-01
1.021250784397125244e-01
1.020714193582534790e-01
1.027751863002777100e-01
1.020830720663070679e-01
1.010982617735862732e-01
1.007732301950454712e-01
1.016732305288314819e-01
1.022016704082489014e-01
1.013716310262680054e-01
1.007970869541168213e-01
1.008202955126762390e-01
1.015386059880256653e-01
1.016608327627182007e-01
1.014400050044059753e-01
1.006260514259338379e-01
1.014735102653503418e-01
1.003077104687690735e-01
1.026317477226257324e-01
1.006191670894622803e-01
1.008408367633819580e-01
1.015788018703460693e-01
1.007701903581619263e-01
1.001223996281623840e-01
1.006205677986145020e-01
1.005811989307403564e-01
1.022003889083862305e-01
1.004114449024200439e-01
9.973210096359252930e-02
1.010575890541076660e-01
1.013530343770980835e-01
1.009215563535690308e-01
1.004261747002601624e-01
1.015757918357849121e-01
1.015410497784614563e-01
1.017311885952949524e-01
1.015453785657882690e-01
1.000188440084457397e-01
1.000065430998802185e-01
9.974594414234161377e-02
9.997542202472686768e-02
1.008535996079444885e-01
9.981442987918853760e-02
1.010458022356033325e-01
1.009661927819252014e-01
1.012888848781585693e-01
1.006513610482215881e-01
1.000217124819755554e-01
1.010763645172119141e-01
1.015119403600692749e-01
1.013757437467575073e-01
1.008020639419555664e-01
1.012997925281524658e-01
9.996194392442703247e-02
9.974868595600128174e-02
9.937090426683425903e-02
1.008527502417564392e-01
1.006948053836822510e-01
9.986715018749237061e-02
1.013146191835403442e-01
1.020557805895805359e-01
1.008593589067459106e-01
1.005202978849411011e-01
1.007141619920730591e-01
1.004138067364692688e-01
1.007084250450134277e-01
9.940817952156066895e-02
9.988682717084884644e-02
9.956094622611999512e-02
1.001832783222198486e-01
1.006342470645904541e-01
1.005374938249588013e-01
1.007943600416183472e-01
9.984820336103439331e-02
1.003979146480560303e-01
1.005878299474716187e-01
1.003020107746124268e-01
1.005338504910469055e-01
1.016353517770767212e-01
1.008123382925987244e-01
1.005435287952423096e-01
9.998691082000732422e-02
9.972498565912246704e-02
1.001861244440078735e-01
1.004896014928817749e-01
1.005941629409790039e-01
9.997934103012084961e-02
1.000277698040008545e-01
1.003177613019943237e-01
1.004994586110115051e-01
9.958875924348831177e-02
9.963211417198181152e-02
9.944570064544677734e-02
1.009529978036880493e-01
9.909276664257049561e-02
1.000569909811019897e-01
9.876709431409835815e-02
1.003117114305496216e-01
9.852972626686096191e-02
1.009135544300079346e-01
9.989267587661743164e-02
1.008770167827606201e-01
9.858574718236923218e-02
9.834861755371093750e-02
9.777766466140747070e-02
9.850896149873733521e-02
9.802725911140441895e-02
9.762679040431976318e-02
9.736695140600204468e-02
9.845319390296936035e-02
9.769617021083831787e-02
9.835604578256607056e-02
9.883821010589599609e-02
9.882691502571105957e-02
9.806086868047714233e-02
9.819261729717254639e-02
9.885813295841217041e-02
9.892365336418151855e-02
9.697929769754409790e-02
9.768863022327423096e-02
9.743043780326843262e-02
9.813120216131210327e-02
9.847763925790786743e-02
9.861317276954650879e-02
9.747837483882904053e-02
9.972149133682250977e-02
9.733384102582931519e-02
9.825100004673004150e-02
9.773574769496917725e-02
9.805266559123992920e-02
9.874185919761657715e-02
9.849534928798675537e-02
9.808211773633956909e-02
9.799361228942871094e-02
9.786078333854675293e-02
9.789273142814636230e-02
9.787823259830474854e-02
9.754812717437744141e-02
9.761223196983337402e-02
9.812299907207489014e-02
9.804757684469223022e-02
9.800601005554199219e-02
9.825764596462249756e-02
9.712296724319458008e-02
9.784922003746032715e-02
9.757773578166961670e-02
9.748259186744689941e-02
9.758873283863067627e-02
9.770369529724121094e-02
9.731529653072357178e-02
9.758624434471130371e-02
9.782452881336212158e-02
9.699979424476623535e-02
9.844779968261718750e-02
9.751833975315093994e-02
9.757559746503829956e-02
9.672398865222930908e-02
9.715729951858520508e-02
9.884853661060333252e-02
9.796801209449768066e-02
9.709709882736206055e-02
9.774919599294662476e-02
9.752401709556579590e-02
9.672510623931884766e-02
9.723126888275146484e-02
9.779986739158630371e-02
9.912897646427154541e-02
9.707693755626678467e-02
9.743843972682952881e-02
9.736721217632293701e-02
9.687651693820953369e-02
9.717121720314025879e-02
9.745976328849792480e-02
9.775257855653762817e-02
9.826023876667022705e-02
9.677308052778244019e-02
9.799720346927642822e-02
9.780224412679672241e-02
9.805009514093399048e-02
9.784682840108871460e-02
9.849621355533599854e-02
9.777420014142990112e-02
9.753550589084625244e-02
9.833313524723052979e-02
9.743760526180267334e-02
9.801310300827026367e-02
9.694913029670715332e-02
9.786177426576614380e-02
9.656158089637756348e-02
9.750640392303466797e-02
9.810306131839752197e-02
9.752257913351058960e-02
9.712289273738861084e-02
9.796674549579620361e-02
9.756880998611450195e-02
9.726063907146453857e-02
9.759709984064102173e-02
9.686866402626037598e-02
9.639319777488708496e-02
9.739424288272857666e-02
9.746019542217254639e-02
9.785394370555877686e-02
9.752364456653594971e-02
9.714233875274658203e-02
9.715540707111358643e-02
9.730726480484008789e-02
9.697168320417404175e-02
9.705862402915954590e-02
9.702526032924652100e-02
9.749387204647064209e-02
9.696164727210998535e-02
9.776189923286437988e-02
9.712776541709899902e-02
9.773272275924682617e-02
9.747546911239624023e-02
9.607927501201629639e-02
9.650644659996032715e-02
9.614573419094085693e-02
9.756885468959808350e-02
9.755161404609680176e-02
9.739486873149871826e-02
9.664450585842132568e-02
9.770547598600387573e-02
9.759350866079330444e-02
9.803012013435363770e-02
9.682578593492507935e-02
9.659089148044586182e-02
9.662240743637084961e-02
9.658567607402801514e-02
9.700502455234527588e-02
9.713233262300491333e-02
9.696024656295776367e-02
9.629917144775390625e-02
9.737037122249603271e-02
9.727084636688232422e-02
9.712851792573928833e-02
9.745751321315765381e-02
9.629656374454498291e-02
9.653948247432708740e-02
9.757063537836074829e-02
9.684996306896209717e-02
9.658814221620559692e-02
9.799177944660186768e-02
9.779582172632217407e-02
9.681941568851470947e-02
9.636421501636505127e-02
9.775231778621673584e-02
9.612441062927246094e-02
9.641888737678527832e-02
9.701848030090332031e-02
9.699370712041854858e-02
9.658737480640411377e-02
9.668172895908355713e-02
9.698757529258728027e-02
9.686869382858276367e-02
9.729839861392974854e-02
9.675862640142440796e-02
9.767220914363861084e-02
9.783796221017837524e-02
9.690013527870178223e-02
9.764294326305389404e-02
9.589479118585586548e-02
9.740356355905532837e-02
9.697178006172180176e-02
9.672190994024276733e-02
9.643789380788803101e-02
9.600923955440521240e-02
9.705737233161926270e-02
9.756476432085037231e-02
9.683701395988464355e-02
9.670389443635940552e-02
9.736950695514678955e-02
9.709484130144119263e-02
9.639291465282440186e-02
9.704837948083877563e-02
9.716090559959411621e-02
9.702000021934509277e-02
9.627714753150939941e-02
9.687440097332000732e-02
9.681019186973571777e-02
9.675799310207366943e-02
9.666924178600311279e-02
9.712211042642593384e-02
9.706661105155944824e-02
9.623749554157257080e-02
9.655985236167907715e-02
9.794895350933074951e-02
9.650859236717224121e-02
9.710502624511718750e-02
9.771361947059631348e-02
9.638907015323638916e-02
9.745106101036071777e-02
9.650124609470367432e-02
9.675478935241699219e-02
9.649503976106643677e-02
9.617052972316741943e-02
9.590178728103637695e-02
9.685710817575454712e-02
9.710207581520080566e-02
9.774284064769744873e-02
9.599922597408294678e-02
9.668967127799987793e-02
