4.060917496681213379e-01 6.417156457901000977e-01
2.617191374301910400e-01 5.273253917694091797e-01
2.349474728107452393e-01 4.974775016307830811e-01
2.223264575004577637e-01 4.797332584857940674e-01
2.129053622484207153e-01 4.683127999305725098e-01
2.035644799470901489e-01 4.513436853885650635e-01
2.019717395305633545e-01 4.400679171085357666e-01
1.917652338743209839e-01 4.360869228839874268e-01
1.879902780055999756e-01 4.279842376708984375e-01
1.766648441553115845e-01 4.193814396858215332e-01
1.797329634428024292e-01 4.201415181159973145e-01
1.753751039505004883e-01 4.079751968383789062e-01
1.767492592334747314e-01 4.101513922214508057e-01
1.734926104545593262e-01 4.050304889678955078e-01
1.656719893217086792e-01 3.957709670066833496e-01
1.631075441837310791e-01 3.954902291297912598e-01
1.611657440662384033e-01 3.891370296478271484e-01
1.597420871257781982e-01 3.873109519481658936e-01
1.585699170827865601e-01 3.852934837341308594e-01
1.587934046983718872e-01 3.876631557941436768e-01
1.555301249027252197e-01 3.800278604030609131e-01
1.547010689973831177e-01 3.755678236484527588e-01
1.543024629354476929e-01 3.735107481479644775e-01
1.499717682600021362e-01 3.679631054401397705e-01
1.477707773447036743e-01 3.654638528823852539e-01
1.433073282241821289e-01 3.667907118797302246e-01
1.471605449914932251e-01 3.599541783332824707e-01
1.447854042053222656e-01 3.637432754039764404e-01
1.424424052238464355e-01 3.600534498691558838e-01
1.458773761987686157e-01 3.530379533767700195e-01
1.409143805503845215e-01 3.553757667541503906e-01
1.410183608531951904e-01 3.544073104858398438e-01
1.382165551185607910e-01 3.507128953933715820e-01
1.338308453559875488e-01 3.458780646324157715e-01
1.355040669441223145e-01 3.431470096111297607e-01
1.329038143157958984e-01 3.508433401584625244e-01
1.359463632106781006e-01 3.417899012565612793e-01
1.314905434846878052e-01 3.377832472324371338e-01
1.335261911153793335e-01 3.364984095096588135e-01
1.345582455396652222e-01 3.402893245220184326e-01
1.338082998991012573e-01 3.392136096954345703e-01
1.320146024227142334e-01 3.346125483512878418e-01
1.334112733602523804e-01 3.321248292922973633e-01
1.262250542640686035e-01 3.279741108417510986e-01
1.294821500778198242e-01 3.329035937786102295e-01
1.307490170001983643e-01 3.263644278049468994e-01
1.252085417509078979e-01 3.264918625354766846e-01
1.274266988039016724e-01 3.211308419704437256e-01
1.289842873811721802e-01 3.206813633441925049e-01
1.260927766561508179e-01 3.185505568981170654e-01
1.267201602458953857e-01 3.191366493701934814e-01
1.227681115269660950e-01 3.128134608268737793e-01
1.273654699325561523e-01 3.150944113731384277e-01
1.228382810950279236e-01 3.137068450450897217e-01
1.234112158417701721e-01 3.141548037528991699e-01
1.250487416982650757e-01 3.137703239917755127e-01
1.275875419378280640e-01 3.120119273662567139e-01
1.230772584676742554e-01 3.115823566913604736e-01
1.215444803237915039e-01 3.112365603446960449e-01
1.217731535434722900e-01 3.073150217533111572e-01
1.201373115181922913e-01 3.059010803699493408e-01
1.217458322644233704e-01 3.006165325641632080e-01
1.185195073485374451e-01 3.025671243667602539e-01
1.197399273514747620e-01 2.996698319911956787e-01
1.192135661840438843e-01 3.050994873046875000e-01
1.193435192108154297e-01 3.019351959228515625e-01
1.167124807834625244e-01 2.998114228248596191e-01
1.185309365391731262e-01 2.989387512207031250e-01
1.190898790955543518e-01 2.920054793357849121e-01
1.149010434746742249e-01 2.953047454357147217e-01
1.123598441481590271e-01 2.895567119121551514e-01
1.176884844899177551e-01 2.951183617115020752e-01
1.178239658474922180e-01 2.917180061340332031e-01
1.141485795378684998e-01 2.930816709995269775e-01
1.132993027567863464e-01 2.834594845771789551e-01
1.158608496189117432e-01 2.915827631950378418e-01
1.113555803894996643e-01 2.873186469078063965e-01
1.161333322525024414e-01 2.839058041572570801e-01
1.153254136443138123e-01 2.831474840641021729e-01
1.138572916388511658e-01 2.833760678768157959e-01
1.107127889990806580e-01 2.860128581523895264e-01
1.142204850912094116e-01 2.816579043865203857e-01
1.121753305196762085e-01 2.809374928474426270e-01
1.084476783871650696e-01 2.812960147857666016e-01
1.104816645383834839e-01 2.808122634887695312e-01
1.104321479797363281e-01 2.810451090335845947e-01
1.124564856290817261e-01 2.848279178142547607e-01
1.087401285767555237e-01 2.733881175518035889e-01
1.088078394532203674e-01 2.735105752944946289e-01
1.076248735189437866e-01 2.712780237197875977e-01
1.071987077593803406e-01 2.706033587455749512e-01
1.098839268088340759e-01 2.741538584232330322e-01
1.078609302639961243e-01 2.768248617649078369e-01
1.072840616106987000e-01 2.727801799774169922e-01
1.065536141395568848e-01 2.690377533435821533e-01
1.056151613593101501e-01 2.721217274665832520e-01
1.090609431266784668e-01 2.695924639701843262e-01
1.074194014072418213e-01 2.718843817710876465e-01
1.042809411883354187e-01 2.684805095195770264e-01
1.066800728440284729e-01 2.652053833007812500e-01
1.045938283205032349e-01 2.640354037284851074e-01
1.069750040769577026e-01 2.664173841476440430e-01
1.067141368985176086e-01 2.724387049674987793e-01
1.042611524462699890e-01 2.639687955379486084e-01
1.064664646983146667e-01 2.637995481491088867e-01
1.054469048976898193e-01 2.658457458019256592e-01
1.036472097039222717e-01 2.634234428405761719e-01
1.038455963134765625e-01 2.633930146694183350e-01
1.028486341238021851e-01 2.599928081035614014e-01
1.047535911202430725e-01 2.587283551692962646e-01
1.033090353012084961e-01 2.582668066024780273e-01
1.058636307716369629e-01 2.563748359680175781e-01
1.042201146483421326e-01 2.571259140968322754e-01
1.040177047252655029e-01 2.562559843063354492e-01
1.029834300279617310e-01 2.580709755420684814e-01
1.026393622159957886e-01 2.554692327976226807e-01
1.022441834211349487e-01 2.567973434925079346e-01
1.022921949625015259e-01 2.537064850330352783e-01
1.032220199704170227e-01 2.550082206726074219e-01
1.039077267050743103e-01 2.566316723823547363e-01
1.005541011691093445e-01 2.522282600402832031e-01
1.018983423709869385e-01 2.492256909608840942e-01
1.010265946388244629e-01 2.540521621704101562e-01
1.016115099191665649e-01 2.516667842864990234e-01
1.016362830996513367e-01 2.521777153015136719e-01
1.001585647463798523e-01 2.483889460563659668e-01
9.988694638013839722e-02 2.529299259185791016e-01
1.023271903395652771e-01 2.531540393829345703e-01
1.002743020653724670e-01 2.492955029010772705e-01
1.015340015292167664e-01 2.521063685417175293e-01
1.020141169428825378e-01 2.503512799739837646e-01
9.883441030979156494e-02 2.475620508193969727e-01
9.854026883840560913e-02 2.464864850044250488e-01
9.804550558328628540e-02 2.448801100254058838e-01
9.838296473026275635e-02 2.421149462461471558e-01
9.732265770435333252e-02 2.417554408311843872e-01
9.893319010734558105e-02 2.459333688020706177e-01
9.803996980190277100e-02 2.423270046710968018e-01
9.981124848127365112e-02 2.460877001285552979e-01
9.840743243694305420e-02 2.444091737270355225e-01
9.614399075508117676e-02 2.401407361030578613e-01
9.705765545368194580e-02 2.447908371686935425e-01
9.866603463888168335e-02 2.418503016233444214e-01
9.666614979505538940e-02 2.361248433589935303e-01
9.931962937116622925e-02 2.412724941968917847e-01
9.607169777154922485e-02 2.382383644580841064e-01
9.555573016405105591e-02 2.391863912343978882e-01
9.384009242057800293e-02 2.376770079135894775e-01
9.800324589014053345e-02 2.391780614852905273e-01
9.467671811580657959e-02 2.326754182577133179e-01
9.545825421810150146e-02 2.385745048522949219e-01
9.444481879472732544e-02 2.367748022079467773e-01
9.584667533636093140e-02 2.371127158403396606e-01
9.242089092731475830e-02 2.341197133064270020e-01
9.472166001796722412e-02 2.368151396512985229e-01
9.356394410133361816e-02 2.341316491365432739e-01
9.471565485000610352e-02 2.346887141466140747e-01
9.373377263545989990e-02 2.326673865318298340e-01
9.560495615005493164e-02 2.298149168491363525e-01
9.247526526451110840e-02 2.314917594194412231e-01
9.442417323589324951e-02 2.321037799119949341e-01
9.446530789136886597e-02 2.284814715385437012e-01
9.329655766487121582e-02 2.326758950948715210e-01
9.549634903669357300e-02 2.364298701286315918e-01
9.565190225839614868e-02 2.288476973772048950e-01
9.107440710067749023e-02 2.302555143833160400e-01
9.400480240583419800e-02 2.289398759603500366e-01
9.308942407369613647e-02 2.319815754890441895e-01
9.284417331218719482e-02 2.272268086671829224e-01
9.194517135620117188e-02 2.277415096759796143e-01
9.234625101089477539e-02 2.260779142379760742e-01
9.339743107557296753e-02 2.253632992506027222e-01
9.338241070508956909e-02 2.250387221574783325e-01
9.142080694437026978e-02 2.295060455799102783e-01
9.153395891189575195e-02 2.232951521873474121e-01
9.114935249090194702e-02 2.278212010860443115e-01
9.147875756025314331e-02 2.235688865184783936e-01
9.227421134710311890e-02 2.256131917238235474e-01
9.222280979156494141e-02 2.224659919738769531e-01
9.117790311574935913e-02 2.235449105501174927e-01
9.007956832647323608e-02 2.248792052268981934e-01
9.050999581813812256e-02 2.243560552597045898e-01
8.907786756753921509e-02 2.234453111886978149e-01
9.019052237272262573e-02 2.201877683401107788e-01
9.261154383420944214e-02 2.205772548913955688e-01
9.018057584762573242e-02 2.226344794034957886e-01
9.035671502351760864e-02 2.211914956569671631e-01
9.115613996982574463e-02 2.203012108802795410e-01
9.128196537494659424e-02 2.215919494628906250e-01
9.268579632043838501e-02 2.192041724920272827e-01
8.877816051244735718e-02 2.152375876903533936e-01
8.918566256761550903e-02 2.224360853433609009e-01
9.037377685308456421e-02 2.219532132148742676e-01
8.977431803941726685e-02 2.215975522994995117e-01
9.236945211887359619e-02 2.206671983003616333e-01
9.230084717273712158e-02 2.185052484273910522e-01
8.919899165630340576e-02 2.154559493064880371e-01
8.877153694629669189e-02 2.120782732963562012e-01
8.900627493858337402e-02 2.127003073692321777e-01
8.984278887510299683e-02 2.170092016458511353e-01
8.434224873781204224e-02 2.011162042617797852e-01
8.394629508256912231e-02 1.994436532258987427e-01
8.281813561916351318e-02 1.987797766923904419e-01
8.355951309204101562e-02 1.966228783130645752e-01
8.490997552871704102e-02 1.995508223772048950e-01
8.198162168264389038e-02 1.954298466444015503e-01
8.263444155454635620e-02 1.963809877634048462e-01
8.548401296138763428e-02 1.977764219045639038e-01
8.266179263591766357e-02 1.955336630344390869e-01
8.193424344062805176e-02 1.960251629352569580e-01
8.330895751714706421e-02 1.961764991283416748e-01
8.200856298208236694e-02 1.971816867589950562e-01
8.079375326633453369e-02 1.959894150495529175e-01
8.145765215158462524e-02 1.961192935705184937e-01
8.202965557575225830e-02 1.960305720567703247e-01
8.158800005912780762e-02 1.953331977128982544e-01
8.072534948587417603e-02 1.954018622636795044e-01
8.132582902908325195e-02 1.971392184495925903e-01
8.005417138338088989e-02 1.947465986013412476e-01
8.173108845949172974e-02 1.951647847890853882e-01
8.294361084699630737e-02 1.944529563188552856e-01
8.300817757844924927e-02 1.951782554388046265e-01
8.106305450201034546e-02 1.945202797651290894e-01
8.139005303382873535e-02 1.925510168075561523e-01
8.092116564512252808e-02 1.928850859403610229e-01
8.083329349756240845e-02 1.921802759170532227e-01
8.152183890342712402e-02 1.935423016548156738e-01
8.013215661048889160e-02 1.913819760084152222e-01
8.358885347843170166e-02 1.940439492464065552e-01
8.164490014314651489e-02 1.933200955390930176e-01
8.088510483503341675e-02 1.912503689527511597e-01
8.104410022497177124e-02 1.916154474020004272e-01
8.760212361812591553e-02 2.019850462675094604e-01
8.207549899816513062e-02 1.939689666032791138e-01
8.230554312467575073e-02 1.940494179725646973e-01
8.183795213699340820e-02 1.947660595178604126e-01
8.193484693765640259e-02 1.941061168909072876e-01
8.258539438247680664e-02 1.903300434350967407e-01
8.196122199296951294e-02 1.929281502962112427e-01
8.240177482366561890e-02 1.893647760152816772e-01
8.005547523498535156e-02 1.907127946615219116e-01
8.033188432455062866e-02 1.895615905523300171e-01
8.015689253807067871e-02 1.894913315773010254e-01
8.070325106382369995e-02 1.887841671705245972e-01
8.164807409048080444e-02 1.904391944408416748e-01
7.989137619733810425e-02 1.890818178653717041e-01
8.019292354583740234e-02 1.886098235845565796e-01
8.077984303236007690e-02 1.874846071004867554e-01
7.873290777206420898e-02 1.895903646945953369e-01
8.151900768280029297e-02 1.868944764137268066e-01
7.969053089618682861e-02 1.869988292455673218e-01
8.032495528459548950e-02 1.887621581554412842e-01
7.954806834459304810e-02 1.873099803924560547e-01
8.075110614299774170e-02 1.884556859731674194e-01
7.896459847688674927e-02 1.888026744127273560e-01
8.094162493944168091e-02 1.886864453554153442e-01
7.879956811666488647e-02 1.869829744100570679e-01
7.915609329938888550e-02 1.876940429210662842e-01
7.989379018545150757e-02 1.891420334577560425e-01
8.012925833463668823e-02 1.898247897624969482e-01
8.020292222499847412e-02 1.883556544780731201e-01
7.944486290216445923e-02 1.897584050893783569e-01
7.998917251825332642e-02 1.890367567539215088e-01
7.829553633928298950e-02 1.877540200948715210e-01
8.000087738037109375e-02 1.879077255725860596e-01
7.888005673885345459e-02 1.846092045307159424e-01
7.996026426553726196e-02 1.860128045082092285e-01
7.936311513185501099e-02 1.877382993698120117e-01
7.965784519910812378e-02 1.839600652456283569e-01
7.820851355791091919e-02 1.808800399303436279e-01
7.803907990455627441e-02 1.843152344226837158e-01
7.832727581262588501e-02 1.859436929225921631e-01
7.823234051465988159e-02 1.824895143508911133e-01
7.855963706970214844e-02 1.841828823089599609e-01
7.813112437725067139e-02 1.832467168569564819e-01
7.829134166240692139e-02 1.821980625391006470e-01
7.895065099000930786e-02 1.861101239919662476e-01
7.923562079668045044e-02 1.847440600395202637e-01
7.858554273843765259e-02 1.826088875532150269e-01
7.983355969190597534e-02 1.855079233646392822e-01
7.807070016860961914e-02 1.838449090719223022e-01
7.895246148109436035e-02 1.822501420974731445e-01
7.932379096746444702e-02 1.811540126800537109e-01
7.947830855846405029e-02 1.854313164949417114e-01
7.889235764741897583e-02 1.820925474166870117e-01
7.858338952064514160e-02 1.829052269458770752e-01
7.916358858346939087e-02 1.820625662803649902e-01
7.822185754776000977e-02 1.829297542572021484e-01
7.842095196247100830e-02 1.801889389753341675e-01
8.049461990594863892e-02 1.834340244531631470e-01
7.813701778650283813e-02 1.828315407037734985e-01
7.718458026647567749e-02 1.844502687454223633e-01
7.824531197547912598e-02 1.800817251205444336e-01
7.845424860715866089e-02 1.796858757734298706e-01
7.799186557531356812e-02 1.774408668279647827e-01
7.856957614421844482e-02 1.835657805204391479e-01
7.752184569835662842e-02 1.786829531192779541e-01
8.013881742954254150e-02 1.850467920303344727e-01
7.806766778230667114e-02 1.807422190904617310e-01
7.788518071174621582e-02 1.804592758417129517e-01
7.724479585886001587e-02 1.811492890119552612e-01
7.908694446086883545e-02 1.833783090114593506e-01
7.714828103780746460e-02 1.805492043495178223e-01
7.796871662139892578e-02 1.825418770313262939e-01
7.898193597793579102e-02 1.830347925424575806e-01
7.979901134967803955e-02 1.789327710866928101e-01
7.807351648807525635e-02 1.801534295082092285e-01
7.759747654199600220e-02 1.792724430561065674e-01
7.880354672670364380e-02 1.787450313568115234e-01
7.832425087690353394e-02 1.796017885208129883e-01
7.621045410633087158e-02 1.756999194622039795e-01
7.656711339950561523e-02 1.785494834184646606e-01
7.779430598020553589e-02 1.790830641984939575e-01
7.734175026416778564e-02 1.770083606243133545e-01
7.695764303207397461e-02 1.771135330200195312e-01
7.742159068584442139e-02 1.778274923563003540e-01
7.730331271886825562e-02 1.784421950578689575e-01
7.944089919328689575e-02 1.796660423278808594e-01
7.842401415109634399e-02 1.783109903335571289e-01
7.783871889114379883e-02 1.767279803752899170e-01
7.736770063638687134e-02 1.765877157449722290e-01
7.677824795246124268e-02 1.794969141483306885e-01
7.810734212398529053e-02 1.798182576894760132e-01
7.657407969236373901e-02 1.791478693485260010e-01
7.721107453107833862e-02 1.769361495971679688e-01
7.650651037693023682e-02 1.777388155460357666e-01
7.687123864889144897e-02 1.774194240570068359e-01
7.751568406820297241e-02 1.773749887943267822e-01
7.577290385961532593e-02 1.774920076131820679e-01
7.739126682281494141e-02 1.779292225837707520e-01
7.843943685293197632e-02 1.771781593561172485e-01
7.667172700166702271e-02 1.768321096897125244e-01
7.499872148036956787e-02 1.739893555641174316e-01
7.648421078920364380e-02 1.751019060611724854e-01
7.884753495454788208e-02 1.807475686073303223e-01
7.837568968534469604e-02 1.753286421298980713e-01
7.829878479242324829e-02 1.750123351812362671e-01
7.646226137876510620e-02 1.756702512502670288e-01
7.691460847854614258e-02 1.741469651460647583e-01
7.765143364667892456e-02 1.739048510789871216e-01
7.791430503129959106e-02 1.757729500532150269e-01
7.756067812442779541e-02 1.746087372303009033e-01
7.672806084156036377e-02 1.745395660400390625e-01
7.746257632970809937e-02 1.748495250940322876e-01
7.819252461194992065e-02 1.754235923290252686e-01
7.544387131929397583e-02 1.704116612672805786e-01
7.652490586042404175e-02 1.774899214506149292e-01
7.534860074520111084e-02 1.728044599294662476e-01
7.634247839450836182e-02 1.719219982624053955e-01
7.474081218242645264e-02 1.737323850393295288e-01
7.631811499595642090e-02 1.728481501340866089e-01
7.784545421600341797e-02 1.765798628330230713e-01
7.670457661151885986e-02 1.763018518686294556e-01
7.703923434019088745e-02 1.754843294620513916e-01
7.841759175062179565e-02 1.707201153039932251e-01
7.539368420839309692e-02 1.708312034606933594e-01
7.612110674381256104e-02 1.732824146747589111e-01
7.559378445148468018e-02 1.707271784543991089e-01
7.642882317304611206e-02 1.733878850936889648e-01
7.493092864751815796e-02 1.713364273309707642e-01
7.705120742321014404e-02 1.702366918325424194e-01
7.587380707263946533e-02 1.722295880317687988e-01
7.615554332733154297e-02 1.722759306430816650e-01
7.619459182024002075e-02 1.714380085468292236e-01
7.530279457569122314e-02 1.717530786991119385e-01
7.413048297166824341e-02 1.711607724428176880e-01
7.452173531055450439e-02 1.697281897068023682e-01
7.433813810348510742e-02 1.727959960699081421e-01
7.572544366121292114e-02 1.717330813407897949e-01
7.378606498241424561e-02 1.692901849746704102e-01
7.474032789468765259e-02 1.721590608358383179e-01
7.482542097568511963e-02 1.705648750066757202e-01
7.529906928539276123e-02 1.730239689350128174e-01
7.534655928611755371e-02 1.714628785848617554e-01
7.589691132307052612e-02 1.702354252338409424e-01
7.496746629476547241e-02 1.708127856254577637e-01
7.544089853763580322e-02 1.711511611938476562e-01
7.569263130426406860e-02 1.674722582101821899e-01
7.478416711091995239e-02 1.688035726547241211e-01
7.748395949602127075e-02 1.721569746732711792e-01
7.660535722970962524e-02 1.724547445774078369e-01
7.538008689880371094e-02 1.683031767606735229e-01
7.633439451456069946e-02 1.693791449069976807e-01
7.472041994333267212e-02 1.702287495136260986e-01
7.530041784048080444e-02 1.693425774574279785e-01
7.306310534477233887e-02 1.668220460414886475e-01
7.413722574710845947e-02 1.696692109107971191e-01
7.516720890998840332e-02 1.678473800420761108e-01
7.554117590188980103e-02 1.666928529739379883e-01
7.622893154621124268e-02 1.693667322397232056e-01
7.391031831502914429e-02 1.682068854570388794e-01
7.505551725625991821e-02 1.678747981786727905e-01
7.485194504261016846e-02 1.682307571172714233e-01
7.446905225515365601e-02 1.642133444547653198e-01
7.418988645076751709e-02 1.665755361318588257e-01
7.486779987812042236e-02 1.672590374946594238e-01
7.470814883708953857e-02 1.667150110006332397e-01
7.672504335641860962e-02 1.688346117734909058e-01
7.524636387825012207e-02 1.661231070756912231e-01
7.529151439666748047e-02 1.666508764028549194e-01
7.232393324375152588e-02 1.594314873218536377e-01
7.351635396480560303e-02 1.573236882686614990e-01
7.184860110282897949e-02 1.559780985116958618e-01
7.071333378553390503e-02 1.560592055320739746e-01
7.276047021150588989e-02 1.580956280231475830e-01
7.098022103309631348e-02 1.543517112731933594e-01
7.069794833660125732e-02 1.550033539533615112e-01
7.277713716030120850e-02 1.549918353557586670e-01
7.145831733942031860e-02 1.569298207759857178e-01
7.202028483152389526e-02 1.569781899452209473e-01
7.184958457946777344e-02 1.552059054374694824e-01
7.126019895076751709e-02 1.551734209060668945e-01
7.333470880985260010e-02 1.553738415241241455e-01
7.175071537494659424e-02 1.550077646970748901e-01
7.204416394233703613e-02 1.565447300672531128e-01
7.184112817049026489e-02 1.551127135753631592e-01
7.130219787359237671e-02 1.547101140022277832e-01
7.092037051916122437e-02 1.534574180841445923e-01
7.155404984951019287e-02 1.547761112451553345e-01
7.057367265224456787e-02 1.530556380748748779e-01
7.152676582336425781e-02 1.549881398677825928e-01
7.167180627584457397e-02 1.538935750722885132e-01
7.115759700536727905e-02 1.535258293151855469e-01
7.157146930694580078e-02 1.539764255285263062e-01
7.137188315391540527e-02 1.517195552587509155e-01
7.038111984729766846e-02 1.547181010246276855e-01
7.139379531145095825e-02 1.548309028148651123e-01
7.085125148296356201e-02 1.547397673130035400e-01
7.112263888120651245e-02 1.573150455951690674e-01
7.063369452953338623e-02 1.541448086500167847e-01
7.144449651241302490e-02 1.544276028871536255e-01
7.109586894512176514e-02 1.551434844732284546e-01
7.124236226081848145e-02 1.557718515396118164e-01
7.122155278921127319e-02 1.529440730810165405e-01
7.011696696281433105e-02 1.523232609033584595e-01
7.209210842847824097e-02 1.545550823211669922e-01
7.236104458570480347e-02 1.529162824153900146e-01
7.073456794023513794e-02 1.522024273872375488e-01
7.095311582088470459e-02 1.549289077520370483e-01
7.200314849615097046e-02 1.530842334032058716e-01
7.110422104597091675e-02 1.527993977069854736e-01
7.073584198951721191e-02 1.514180898666381836e-01
7.035047560930252075e-02 1.524278670549392700e-01
7.116900384426116943e-02 1.528416723012924194e-01
7.135798782110214233e-02 1.545505821704864502e-01
7.066030800342559814e-02 1.526313275098800659e-01
7.002963870763778687e-02 1.526796072721481323e-01
7.090043276548385620e-02 1.503881812095642090e-01
7.071082293987274170e-02 1.530060023069381714e-01
7.184098660945892334e-02 1.538936793804168701e-01
7.106641680002212524e-02 1.533833444118499756e-01
7.080145925283432007e-02 1.524062007665634155e-01
7.074918597936630249e-02 1.501132249832153320e-01
7.106585800647735596e-02 1.562202125787734985e-01
7.131867855787277222e-02 1.546618193387985229e-01
7.192396372556686401e-02 1.546422392129898071e-01
7.173196971416473389e-02 1.536343544721603394e-01
6.912859529256820679e-02 1.532261818647384644e-01
7.100376486778259277e-02 1.524004787206649780e-01
7.115539908409118652e-02 1.512912809848785400e-01
7.046818733215332031e-02 1.534384191036224365e-01
7.007850706577301025e-02 1.510513573884963989e-01
7.082078605890274048e-02 1.510013788938522339e-01
7.133183628320693970e-02 1.544783264398574829e-01
7.141897827386856079e-02 1.537414044141769409e-01
7.076010107994079590e-02 1.545258909463882446e-01
7.163415104150772095e-02 1.513489782810211182e-01
7.085126638412475586e-02 1.503750830888748169e-01
7.055887579917907715e-02 1.543408632278442383e-01
7.035358995199203491e-02 1.516386419534683228e-01
7.062937319278717041e-02 1.497034579515457153e-01
7.106164842844009399e-02 1.519791930913925171e-01
6.977347284555435181e-02 1.495314985513687134e-01
7.021304219961166382e-02 1.508533209562301636e-01
7.018650323152542114e-02 1.531003415584564209e-01
7.059225440025329590e-02 1.525528728961944580e-01
6.997282058000564575e-02 1.507450640201568604e-01
7.042054831981658936e-02 1.502331942319869995e-01
7.027211785316467285e-02 1.504589319229125977e-01
7.010291516780853271e-02 1.519041806459426880e-01
7.203868776559829712e-02 1.502654850482940674e-01
7.037082314491271973e-02 1.525257080793380737e-01
6.966390460729598999e-02 1.504335105419158936e-01
7.095621526241302490e-02 1.505451947450637817e-01
7.026576995849609375e-02 1.504045724868774414e-01
6.947784870862960815e-02 1.500590890645980835e-01
6.970047950744628906e-02 1.506551504135131836e-01
7.049357891082763672e-02 1.515073329210281372e-01
7.019787281751632690e-02 1.510987579822540283e-01
7.147617638111114502e-02 1.526147872209548950e-01
7.035247236490249634e-02 1.514268815517425537e-01
7.040006667375564575e-02 1.504569947719573975e-01
7.130650430917739868e-02 1.516074091196060181e-01
6.979116052389144897e-02 1.480157971382141113e-01
7.186426222324371338e-02 1.494334340095520020e-01
7.137069851160049438e-02 1.494971811771392822e-01
7.049263268709182739e-02 1.517631858587265015e-01
6.944587081670761108e-02 1.506786048412322998e-01
7.124682515859603882e-02 1.494048684835433960e-01
7.030032575130462646e-02 1.525522023439407349e-01
7.108692079782485962e-02 1.493157595396041870e-01
7.098753005266189575e-02 1.498984098434448242e-01
7.020592689514160156e-02 1.498758345842361450e-01
6.967722624540328979e-02 1.501993685960769653e-01
6.906182318925857544e-02 1.526677459478378296e-01
7.032429426908493042e-02 1.516293287277221680e-01
7.067713141441345215e-02 1.520775854587554932e-01
6.946016848087310791e-02 1.496733278036117554e-01
7.107920199632644653e-02 1.506169736385345459e-01
6.988020241260528564e-02 1.477724164724349976e-01
6.944268941879272461e-02 1.491875797510147095e-01
7.052875310182571411e-02 1.490279585123062134e-01
7.066272944211959839e-02 1.501998752355575562e-01
6.967761367559432983e-02 1.465797126293182373e-01
6.995661556720733643e-02 1.488978564739227295e-01
6.922266632318496704e-02 1.465267241001129150e-01
6.928460299968719482e-02 1.489016413688659668e-01
6.922625750303268433e-02 1.488269269466400146e-01
6.972923874855041504e-02 1.486516296863555908e-01
6.846075505018234253e-02 1.480359435081481934e-01
7.053047418594360352e-02 1.464104205369949341e-01
6.959641724824905396e-02 1.482500433921813965e-01
7.088664919137954712e-02 1.486064791679382324e-01
6.945995241403579712e-02 1.480614393949508667e-01
6.960965692996978760e-02 1.492383480072021484e-01
6.985072046518325806e-02 1.482683420181274414e-01
7.008329033851623535e-02 1.466043144464492798e-01
6.996510922908782959e-02 1.485754400491714478e-01
6.889052689075469971e-02 1.486811637878417969e-01
6.984005123376846313e-02 1.505899876356124878e-01
6.871115416288375854e-02 1.489816159009933472e-01
7.039166986942291260e-02 1.474243104457855225e-01
7.050552964210510254e-02 1.467849016189575195e-01
6.910212337970733643e-02 1.487786620855331421e-01
6.947264820337295532e-02 1.469227373600006104e-01
7.008093595504760742e-02 1.477619409561157227e-01
6.844725459814071655e-02 1.472835540771484375e-01
6.906245648860931396e-02 1.472495347261428833e-01
6.889526546001434326e-02 1.492495089769363403e-01
6.977781653404235840e-02 1.469044983386993408e-01
6.986741721630096436e-02 1.496762335300445557e-01
6.888599693775177002e-02 1.483984440565109253e-01
6.966546922922134399e-02 1.471782922744750977e-01
6.972061842679977417e-02 1.488825976848602295e-01
6.914089620113372803e-02 1.467128992080688477e-01
6.970078498125076294e-02 1.483730077743530273e-01
6.826832145452499390e-02 1.467853933572769165e-01
6.980005651712417603e-02 1.477151364088058472e-01
6.865622848272323608e-02 1.477546989917755127e-01
6.928607821464538574e-02 1.489033699035644531e-01
6.872423738241195679e-02 1.487790793180465698e-01
6.924872845411300659e-02 1.487120240926742554e-01
6.961685419082641602e-02 1.470976322889328003e-01
6.934434175491333008e-02 1.480175852775573730e-01
7.005871832370758057e-02 1.456525325775146484e-01
6.854207813739776611e-02 1.466496735811233521e-01
6.903571635484695435e-02 1.470734626054763794e-01
6.993477046489715576e-02 1.480704694986343384e-01
6.865247339010238647e-02 1.478969901800155640e-01
6.978735327720642090e-02 1.462540924549102783e-01
6.909750401973724365e-02 1.487712711095809937e-01
6.872313469648361206e-02 1.464366167783737183e-01
6.831952929496765137e-02 1.464251875877380371e-01
6.966368108987808228e-02 1.451024115085601807e-01
6.870313733816146851e-02 1.465981006622314453e-01
6.800648570060729980e-02 1.458654254674911499e-01
7.038214802742004395e-02 1.471310108900070190e-01
6.820553541183471680e-02 1.456959098577499390e-01
6.975123286247253418e-02 1.469206660985946655e-01
6.827987730503082275e-02 1.449359059333801270e-01
6.752748787403106689e-02 1.445254385471343994e-01
6.856360286474227905e-02 1.451803296804428101e-01
6.896074116230010986e-02 1.467947065830230713e-01
6.850036978721618652e-02 1.453666388988494873e-01
6.965851038694381714e-02 1.444099396467208862e-01
6.880837678909301758e-02 1.437782496213912964e-01
6.907192617654800415e-02 1.479039043188095093e-01
6.837185472249984741e-02 1.462144553661346436e-01
6.871606409549713135e-02 1.476393193006515503e-01
6.931061297655105591e-02 1.452623158693313599e-01
6.979596614837646484e-02 1.457771211862564087e-01
6.900510191917419434e-02 1.458240896463394165e-01
6.948053836822509766e-02 1.456922739744186401e-01
6.793690472841262817e-02 1.451075524091720581e-01
6.910192221403121948e-02 1.449787914752960205e-01
6.922353059053421021e-02 1.471727341413497925e-01
6.867262721061706543e-02 1.440773159265518188e-01
6.813171505928039551e-02 1.435548514127731323e-01
6.745801120996475220e-02 1.467454582452774048e-01
6.815188378095626831e-02 1.433985531330108643e-01
6.819127500057220459e-02 1.453261077404022217e-01
6.893785297870635986e-02 1.438407599925994873e-01
6.725554913282394409e-02 1.447582542896270752e-01
6.924457848072052002e-02 1.437907367944717407e-01
6.794778257608413696e-02 1.444055885076522827e-01
6.927523016929626465e-02 1.454419791698455811e-01
6.792853027582168579e-02 1.431181728839874268e-01
6.855256110429763794e-02 1.451251804828643799e-01
6.811532378196716309e-02 1.443685740232467651e-01
6.781418621540069580e-02 1.442485302686691284e-01
6.752113997936248779e-02 1.390612125396728516e-01
6.820589303970336914e-02 1.400921493768692017e-01
6.731278449296951294e-02 1.390912532806396484e-01
6.720545142889022827e-02 1.431054919958114624e-01
6.657822430133819580e-02 1.391813904047012329e-01
6.701754033565521240e-02 1.404219865798950195e-01
6.728187203407287598e-02 1.393953859806060791e-01
6.819836795330047607e-02 1.391857564449310303e-01
6.719623506069183350e-02 1.389519572257995605e-01
6.803420186042785645e-02 1.406157761812210083e-01
6.683649122714996338e-02 1.382143348455429077e-01
6.695304065942764282e-02 1.390137672424316406e-01
6.790344417095184326e-02 1.395538747310638428e-01
6.696790456771850586e-02 1.393868178129196167e-01
6.664963811635971069e-02 1.388764232397079468e-01
6.639678776264190674e-02 1.379294395446777344e-01
6.687583774328231812e-02 1.380890458822250366e-01
6.816960126161575317e-02 1.388832926750183105e-01
6.663380563259124756e-02 1.384243369102478027e-01
6.749282032251358032e-02 1.380916535854339600e-01
6.710936129093170166e-02 1.368514895439147949e-01
6.786623597145080566e-02 1.391238123178482056e-01
6.651218980550765991e-02 1.384408026933670044e-01
6.775275617837905884e-02 1.388154774904251099e-01
6.660627573728561401e-02 1.379134058952331543e-01
6.638111919164657593e-02 1.387533545494079590e-01
6.680630892515182495e-02 1.369994729757308960e-01
6.676196306943893433e-02 1.368333250284194946e-01
6.692001223564147949e-02 1.383903473615646362e-01
6.649903953075408936e-02 1.383192539215087891e-01
6.701406836509704590e-02 1.398150026798248291e-01
6.641028821468353271e-02 1.379127055406570435e-01
6.711739301681518555e-02 1.368130147457122803e-01
6.707337498664855957e-02 1.386594921350479126e-01
6.670540571212768555e-02 1.367192119359970093e-01
6.729725003242492676e-02 1.357289105653762817e-01
6.627424061298370361e-02 1.375455409288406372e-01
6.675849109888076782e-02 1.384555995464324951e-01
6.603339314460754395e-02 1.366109848022460938e-01
6.772089004516601562e-02 1.386737674474716187e-01
6.605345010757446289e-02 1.369892507791519165e-01
6.754421442747116089e-02 1.389272660017013550e-01
6.736408174037933350e-02 1.375481784343719482e-01
6.726904958486557007e-02 1.358478069305419922e-01
6.647724658250808716e-02 1.385939568281173706e-01
6.709147244691848755e-02 1.379636377096176147e-01
6.813960522413253784e-02 1.378101110458374023e-01
6.673580408096313477e-02 1.388954222202301025e-01
6.730999797582626343e-02 1.393402963876724243e-01
6.737777590751647949e-02 1.372554004192352295e-01
6.707865744829177856e-02 1.390676498413085938e-01
6.703328341245651245e-02 1.383567005395889282e-01
6.730116903781890869e-02 1.366472244262695312e-01
6.795707345008850098e-02 1.363086551427841187e-01
6.785946339368820190e-02 1.379463970661163330e-01
6.672307848930358887e-02 1.375470608472824097e-01
6.659738719463348389e-02 1.373762488365173340e-01
6.550750136375427246e-02 1.367041617631912231e-01
6.664106994867324829e-02 1.374697536230087280e-01
6.694879382848739624e-02 1.389008462429046631e-01
6.614951044321060181e-02 1.376825124025344849e-01
6.627836823463439941e-02 1.368710100650787354e-01
6.704782694578170776e-02 1.366150975227355957e-01
6.686632335186004639e-02 1.357260495424270630e-01
6.614124029874801636e-02 1.365243196487426758e-01
6.634899228811264038e-02 1.349743455648422241e-01
6.683144718408584595e-02 1.362408995628356934e-01
6.603626161813735962e-02 1.361077427864074707e-01
6.713896244764328003e-02 1.378088742494583130e-01
6.756366789340972900e-02 1.380733996629714966e-01
6.673663109540939331e-02 1.377437412738800049e-01
6.527574360370635986e-02 1.377609074115753174e-01
6.646280735731124878e-02 1.361238211393356323e-01
6.628391891717910767e-02 1.361575275659561157e-01
6.642712652683258057e-02 1.374650746583938599e-01
6.632832437753677368e-02 1.374278962612152100e-01
6.643275171518325806e-02 1.361089944839477539e-01
6.571238487958908081e-02 1.364331841468811035e-01
6.677229702472686768e-02 1.370830535888671875e-01
6.725782155990600586e-02 1.362186521291732788e-01
6.618154048919677734e-02 1.386293023824691772e-01
6.661922484636306763e-02 1.350662410259246826e-01
6.682538986206054688e-02 1.370356231927871704e-01
6.684550642967224121e-02 1.391009986400604248e-01
6.531688570976257324e-02 1.358484625816345215e-01
6.694687902927398682e-02 1.362467110157012939e-01
6.516610085964202881e-02 1.353152394294738770e-01
6.666378676891326904e-02 1.358151435852050781e-01
6.608437001705169678e-02 1.376617997884750366e-01
6.567773967981338501e-02 1.365410983562469482e-01
6.634825468063354492e-02 1.375734061002731323e-01
6.676887720823287964e-02 1.354854553937911987e-01
6.631342321634292603e-02 1.385254114866256714e-01
6.646560132503509521e-02 1.368053853511810303e-01
6.619422882795333862e-02 1.362924724817276001e-01
6.690218299627304077e-02 1.360892355442047119e-01
6.563687324523925781e-02 1.354907751083374023e-01
6.625704467296600342e-02 1.372815519571304321e-01
6.559737771749496460e-02 1.373901218175888062e-01
6.647130101919174194e-02 1.377788484096527100e-01
6.641328334808349609e-02 1.377295553684234619e-01
6.726232171058654785e-02 1.382880508899688721e-01
6.677787750959396362e-02 1.373882740736007690e-01
6.621208786964416504e-02 1.359844356775283813e-01
6.584296375513076782e-02 1.357035040855407715e-01
6.632014364004135132e-02 1.370263099670410156e-01
6.625524163246154785e-02 1.381480991840362549e-01
6.573864072561264038e-02 1.370046138763427734e-01
6.586706638336181641e-02 1.357271075248718262e-01
6.671111285686492920e-02 1.349294781684875488e-01
6.714183092117309570e-02 1.359353810548782349e-01
6.606632471084594727e-02 1.372553408145904541e-01
6.677454710006713867e-02 1.361054629087448120e-01
6.610923260450363159e-02 1.351428776979446411e-01
6.624288856983184814e-02 1.367041319608688354e-01
6.522172689437866211e-02 1.353936940431594849e-01
6.819038838148117065e-02 1.370731145143508911e-01
6.624591350555419922e-02 1.349924206733703613e-01
6.660804152488708496e-02 1.350736320018768311e-01
6.709612160921096802e-02 1.360614895820617676e-01
6.611428409814834595e-02 1.354261040687561035e-01
6.518204510211944580e-02 1.350627541542053223e-01
6.615876406431198120e-02 1.350823640823364258e-01
6.626678258180618286e-02 1.348956078290939331e-01
6.618496030569076538e-02 1.382158100605010986e-01
6.565238535404205322e-02 1.351705044507980347e-01
6.558488309383392334e-02 1.338793188333511353e-01
6.603520363569259644e-02 1.360799819231033325e-01
6.633006036281585693e-02 1.363760083913803101e-01
6.555419415235519409e-02 1.362889111042022705e-01
6.601780652999877930e-02 1.348345428705215454e-01
6.592940539121627808e-02 1.372221708297729492e-01
6.614485383033752441e-02 1.369372457265853882e-01
6.636379659175872803e-02 1.370985805988311768e-01
6.690787523984909058e-02 1.361828893423080444e-01
6.562458723783493042e-02 1.344131082296371460e-01
6.543694436550140381e-02 1.345761418342590332e-01
6.545692682266235352e-02 1.340349614620208740e-01
6.577365845441818237e-02 1.341771781444549561e-01
6.585401296615600586e-02 1.358531862497329712e-01
6.541229784488677979e-02 1.342165619134902954e-01
6.641060113906860352e-02 1.356810033321380615e-01
6.577928364276885986e-02 1.361531019210815430e-01
6.663493067026138306e-02 1.359428465366363525e-01
6.659443676471710205e-02 1.347082853317260742e-01
6.595320999622344971e-02 1.340902149677276611e-01
6.576366722583770752e-02 1.363890618085861206e-01
6.586837768554687500e-02 1.371555030345916748e-01
6.603199243545532227e-02 1.367194950580596924e-01
6.623537838459014893e-02 1.353687494993209839e-01
6.655473262071609497e-02 1.360448598861694336e-01
6.610640883445739746e-02 1.338174790143966675e-01
6.516162306070327759e-02 1.343357414007186890e-01
6.540490686893463135e-02 1.333369016647338867e-01
6.610178947448730469e-02 1.356037110090255737e-01
6.581190228462219238e-02 1.355777084827423096e-01
6.623277813196182251e-02 1.335015147924423218e-01
6.628508865833282471e-02 1.363441497087478638e-01
6.701062619686126709e-02 1.371009349822998047e-01
6.621304154396057129e-02 1.355056762695312500e-01
6.587707251310348511e-02 1.351635158061981201e-01
6.569548696279525757e-02 1.357328295707702637e-01
6.619179248809814453e-02 1.346358209848403931e-01
6.550815701484680176e-02 1.359086930751800537e-01
6.532108038663864136e-02 1.334952712059020996e-01
6.561838090419769287e-02 1.341552734375000000e-01
6.555036455392837524e-02 1.335715204477310181e-01
6.585291773080825806e-02 1.345136463642120361e-01
6.625685840845108032e-02 1.350116431713104248e-01
6.578668206930160522e-02 1.352883130311965942e-01
6.601395457983016968e-02 1.355747580528259277e-01
6.533820927143096924e-02 1.343581974506378174e-01
6.664764881134033203e-02 1.341481804847717285e-01
6.558518111705780029e-02 1.355904787778854370e-01
6.611941009759902954e-02 1.344846189022064209e-01
6.552657485008239746e-02 1.355411261320114136e-01
6.655973196029663086e-02 1.367109715938568115e-01
6.638233363628387451e-02 1.352423429489135742e-01
6.501635164022445679e-02 1.360706984996795654e-01
6.539509445428848267e-02 1.345787346363067627e-01
6.565995514392852783e-02 1.337900161743164062e-01
6.583862006664276123e-02 1.345336288213729858e-01
6.574048101902008057e-02 1.352387219667434692e-01
6.584823131561279297e-02 1.353400945663452148e-01
6.584397703409194946e-02 1.341147124767303467e-01
6.501578539609909058e-02 1.350397467613220215e-01
6.604287773370742798e-02 1.345926523208618164e-01
6.602872908115386963e-02 1.349701881408691406e-01
6.562185287475585938e-02 1.335556656122207642e-01
6.550575047731399536e-02 1.337584704160690308e-01
6.508031487464904785e-02 1.338110864162445068e-01
6.661219894886016846e-02 1.352937966585159302e-01
6.525803357362747192e-02 1.329275071620941162e-01
6.589039415121078491e-02 1.342235952615737915e-01
6.433425843715667725e-02 1.331999301910400391e-01
6.528639793395996094e-02 1.353370249271392822e-01
6.449408084154129028e-02 1.325653642416000366e-01
6.593212485313415527e-02 1.358949840068817139e-01
6.571785360574722290e-02 1.340675055980682373e-01
6.584306061267852783e-02 1.359109729528427124e-01
6.464022397994995117e-02 1.325312703847885132e-01
6.491811573505401611e-02 1.317791193723678589e-01
6.486610323190689087e-02 1.306892186403274536e-01
6.478303670883178711e-02 1.322348862886428833e-01
6.492426246404647827e-02 1.311302632093429565e-01
6.480863690376281738e-02 1.304449439048767090e-01
6.479313969612121582e-02 1.299407631158828735e-01
6.508413702249526978e-02 1.318222433328628540e-01
6.442327052354812622e-02 1.309690624475479126e-01
6.499996781349182129e-02 1.317121237516403198e-01
6.557164341211318970e-02 1.321047693490982056e-01
6.523199379444122314e-02 1.324218362569808960e-01
6.524889171123504639e-02 1.308728456497192383e-01
6.556623429059982300e-02 1.308189928531646729e-01
6.508701294660568237e-02 1.326292455196380615e-01
6.483373790979385376e-02 1.330135613679885864e-01
6.471283733844757080e-02 1.292457580566406250e-01
6.486862152814865112e-02 1.305086314678192139e-01
6.447011232376098633e-02 1.303907632827758789e-01
6.418459117412567139e-02 1.320778131484985352e-01
6.487827003002166748e-02 1.320770084857940674e-01
6.559973955154418945e-02 1.316266059875488281e-01
6.499449163675308228e-02 1.299622654914855957e-01
6.507767736911773682e-02 1.343653053045272827e-01
6.366418302059173584e-02 1.310034990310668945e-01
6.489584594964981079e-02 1.316061466932296753e-01
6.471160054206848145e-02 1.307598948478698730e-01
6.488765031099319458e-02 1.312176883220672607e-01
6.450791656970977783e-02 1.329758018255233765e-01
6.528081744909286499e-02 1.317098885774612427e-01
6.457078456878662109e-02 1.315934509038925171e-01
6.508090347051620483e-02 1.309063136577606201e-01
6.464720517396926880e-02 1.310743689537048340e-01
6.434600055217742920e-02 1.314394623041152954e-01
6.467320770025253296e-02 1.310832500457763672e-01
6.437071412801742554e-02 1.307255476713180542e-01
6.447058171033859253e-02 1.307538747787475586e-01
6.430440396070480347e-02 1.319416016340255737e-01
6.500743329524993896e-02 1.310877203941345215e-01
6.522192806005477905e-02 1.307900995016098022e-01
6.527664512395858765e-02 1.312386542558670044e-01
6.416834145784378052e-02 1.300776004791259766e-01
6.440057605504989624e-02 1.312978714704513550e-01
6.463127583265304565e-02 1.305241882801055908e-01
6.504922360181808472e-02 1.299159675836563110e-01
6.490084528923034668e-02 1.302766203880310059e-01
6.490527838468551636e-02 1.305021196603775024e-01
6.483404338359832764e-02 1.297965496778488159e-01
6.500879675149917603e-02 1.301636993885040283e-01
6.396084278821945190e-02 1.316882073879241943e-01
6.452503055334091187e-02 1.294745653867721558e-01
6.515334546566009521e-02 1.317422538995742798e-01
6.474654376506805420e-02 1.302901357412338257e-01
6.489461660385131836e-02 1.302565783262252808e-01
6.434594839811325073e-02 1.291020363569259644e-01
6.427735835313796997e-02 1.300372332334518433e-01
6.541477143764495850e-02 1.322823017835617065e-01
6.434606760740280151e-02 1.315899491310119629e-01
6.412432342767715454e-02 1.300698667764663696e-01
6.453476846218109131e-02 1.309636235237121582e-01
6.451617926359176636e-02 1.305318474769592285e-01
6.403768807649612427e-02 1.294125169515609741e-01
6.450509279966354370e-02 1.299574375152587891e-01
6.482192873954772949e-02 1.307778060436248779e-01
6.499440968036651611e-02 1.332635432481765747e-01
6.407635658979415894e-02 1.300775259733200073e-01
6.420162320137023926e-02 1.306752562522888184e-01
6.488589197397232056e-02 1.298485398292541504e-01
6.459977477788925171e-02 1.291532665491104126e-01
6.426935642957687378e-02 1.300730854272842407e-01
6.465243548154830933e-02 1.302670985460281372e-01
6.429183483123779297e-02 1.312133222818374634e-01
6.563533097505569458e-02 1.308851540088653564e-01
6.409287452697753906e-02 1.294532865285873413e-01
6.446552276611328125e-02 1.315288841724395752e-01
6.459902226924896240e-02 1.310054659843444824e-01
6.573082506656646729e-02 1.303693652153015137e-01
6.504692137241363525e-02 1.306467354297637939e-01
6.513987481594085693e-02 1.318525522947311401e-01
6.481686234474182129e-02 1.307315379381179810e-01
6.398037075996398926e-02 1.310906410217285156e-01
6.549782305955886841e-02 1.311684399843215942e-01
6.462989747524261475e-02 1.302453130483627319e-01
6.557075679302215576e-02 1.304554492235183716e-01
6.463510543107986450e-02 1.292631626129150391e-01
6.438466906547546387e-02 1.313388794660568237e-01
6.357143074274063110e-02 1.295517385005950928e-01
6.460889428853988647e-02 1.304039061069488525e-01
6.538094580173492432e-02 1.308251768350601196e-01
6.416741013526916504e-02 1.308777481317520142e-01
6.437323242425918579e-02 1.298725605010986328e-01
6.495022028684616089e-02 1.309832632541656494e-01
6.487948447465896606e-02 1.302581280469894409e-01
6.399130076169967651e-02 1.305299848318099976e-01
6.434202194213867188e-02 1.308521777391433716e-01
6.412591785192489624e-02 1.296114176511764526e-01
6.381383538246154785e-02 1.289725601673126221e-01
6.399209797382354736e-02 1.307963877916336060e-01
6.452218443155288696e-02 1.303982138633728027e-01
6.459046155214309692e-02 1.311174184083938599e-01
6.447335332632064819e-02 1.305739283561706543e-01
6.448907405138015747e-02 1.297955960035324097e-01
6.468047201633453369e-02 1.296303421258926392e-01
6.501283496618270874e-02 1.296017020940780640e-01
6.410661339759826660e-02 1.298367530107498169e-01
6.397368013858795166e-02 1.301435679197311401e-01
6.462765485048294067e-02 1.294228732585906982e-01
6.410106271505355835e-02 1.308866888284683228e-01
6.482544541358947754e-02 1.290978491306304932e-01
6.413013488054275513e-02 1.313936561346054077e-01
6.474323570728302002e-02 1.295122951269149780e-01
6.469874083995819092e-02 1.307667046785354614e-01
6.395146995782852173e-02 1.309994608163833618e-01
6.408806145191192627e-02 1.280704885721206665e-01
6.423281133174896240e-02 1.287800818681716919e-01
6.389246135950088501e-02 1.283990144729614258e-01
6.502544134855270386e-02 1.301122754812240601e-01
6.402783840894699097e-02 1.310753822326660156e-01
6.420660763978958130e-02 1.305831372737884521e-01
6.441601365804672241e-02 1.288729906082153320e-01
6.514006853103637695e-02 1.302708834409713745e-01
6.483238935470581055e-02 1.303546279668807983e-01
6.504061073064804077e-02 1.310196220874786377e-01
6.456585228443145752e-02 1.290857195854187012e-01
6.398915499448776245e-02 1.291926354169845581e-01
6.458828598260879517e-02 1.286565214395523071e-01
6.440346688032150269e-02 1.287678927183151245e-01
6.444515287876129150e-02 1.295648962259292603e-01
6.422045826911926270e-02 1.300442069768905640e-01
6.439056992530822754e-02 1.295299232006072998e-01
6.406596302986145020e-02 1.285323798656463623e-01
6.533104926347732544e-02 1.294097006320953369e-01
6.474636495113372803e-02 1.297953277826309204e-01
6.429386138916015625e-02 1.299631744623184204e-01
6.487274914979934692e-02 1.300422847270965576e-01
6.390948593616485596e-02 1.286836415529251099e-01
6.413685530424118042e-02 1.289421021938323975e-01
6.475655734539031982e-02 1.303847134113311768e-01
6.415820121765136719e-02 1.295417249202728271e-01
6.491021811962127686e-02 1.282660663127899170e-01
6.446620076894760132e-02 1.315173506736755371e-01
6.474246084690093994e-02 1.308491826057434082e-01
6.399717181921005249e-02 1.296416521072387695e-01
6.369645148515701294e-02 1.290319859981536865e-01
6.431365758180618286e-02 1.311909705400466919e-01
6.361768394708633423e-02 1.286311447620391846e-01
6.390183418989181519e-02 1.289359331130981445e-01
6.419162452220916748e-02 1.298453360795974731e-01
6.360395252704620361e-02 1.303834617137908936e-01
6.411191076040267944e-02 1.290628463029861450e-01
6.450477987527847290e-02 1.288586705923080444e-01
6.411729007959365845e-02 1.298578530550003052e-01
6.429507583379745483e-02 1.294423192739486694e-01
6.477796286344528198e-02 1.298188418149948120e-01
6.356008350849151611e-02 1.299571692943572998e-01
6.417407840490341187e-02 1.311703473329544067e-01
6.530205905437469482e-02 1.303738653659820557e-01
6.473688781261444092e-02 1.290633827447891235e-01
6.487261503934860229e-02 1.304132640361785889e-01
6.351938843727111816e-02 1.282701939344406128e-01
6.446622312068939209e-02 1.303409039974212646e-01
6.436060369014739990e-02 1.295829564332962036e-01
6.426252424716949463e-02 1.291812956333160400e-01
6.437100470066070557e-02 1.285047829151153564e-01
6.366964429616928101e-02 1.283488422632217407e-01
6.395605951547622681e-02 1.301586776971817017e-01
6.466062366962432861e-02 1.304689049720764160e-01
6.390147656202316284e-02 1.297725439071655273e-01
6.386218965053558350e-02 1.295455992221832275e-01
6.432331353425979614e-02 1.304157078266143799e-01
6.471875309944152832e-02 1.294709295034408569e-01
6.380664557218551636e-02 1.289791911840438843e-01
6.497427821159362793e-02 1.291224807500839233e-01
6.394004076719284058e-02 1.303817629814147949e-01
6.433640420436859131e-02 1.297035962343215942e-01
6.420601159334182739e-02 1.283482909202575684e-01
6.416571885347366333e-02 1.295830905437469482e-01
6.407040357589721680e-02 1.295499801635742188e-01
6.336171925067901611e-02 1.301542669534683228e-01
6.369185447692871094e-02 1.296466290950775146e-01
6.494909524917602539e-02 1.292951256036758423e-01
6.418976932764053345e-02 1.299434453248977661e-01
6.389520317316055298e-02 1.285797953605651855e-01
6.357029825448989868e-02 1.295493990182876587e-01
6.460490077733993530e-02 1.312930136919021606e-01
6.441352516412734985e-02 1.286036521196365356e-01
6.399951875209808350e-02 1.302105337381362915e-01
6.557881087064743042e-02 1.298484355211257935e-01
6.412264704704284668e-02 1.286554932594299316e-01
6.407911330461502075e-02 1.308230012655258179e-01
6.344281882047653198e-02 1.295596808195114136e-01
6.382840126752853394e-02 1.296811699867248535e-01
6.404241919517517090e-02 1.289476603269577026e-01
6.367471069097518921e-02 1.286663562059402466e-01
6.360646337270736694e-02 1.281971186399459839e-01
6.415595114231109619e-02 1.295582652091979980e-01
6.432919204235076904e-02 1.298749595880508423e-01
6.450348347425460815e-02 1.309821903705596924e-01
6.446934491395950317e-02 1.275290995836257935e-01
6.450095027685165405e-02 1.288783997297286987e-01
