2.077859789133071899e-01 4.228130578994750977e-01
7.113616913557052612e-02 2.816288769245147705e-01
5.752413719892501831e-02 2.504919469356536865e-01
5.204984173178672791e-02 2.335280776023864746e-01
4.749254509806632996e-02 2.221634089946746826e-01
4.352133348584175110e-02 2.069848328828811646e-01
4.252878576517105103e-02 1.963060051202774048e-01
3.858746588230133057e-02 1.924355328083038330e-01
3.722770884633064270e-02 1.858468204736709595e-01
3.271060436964035034e-02 1.786631047725677490e-01
3.441219404339790344e-02 1.797069758176803589e-01
3.249654918909072876e-02 1.695877760648727417e-01
3.262726962566375732e-02 1.708748638629913330e-01
3.204893693327903748e-02 1.669925302267074585e-01
2.880338579416275024e-02 1.597329378128051758e-01
2.814536541700363159e-02 1.593971699476242065e-01
2.756752073764801025e-02 1.543488055467605591e-01
2.731683477759361267e-02 1.529575586318969727e-01
2.663378044962882996e-02 1.509495824575424194e-01
2.679963037371635437e-02 1.530270874500274658e-01
2.572612650692462921e-02 1.473118513822555542e-01
2.537124603986740112e-02 1.436121761798858643e-01
2.536614984273910522e-02 1.422936916351318359e-01
2.409882657229900360e-02 1.382681578397750854e-01
2.322186715900897980e-02 1.363845318555831909e-01
2.172850258648395538e-02 1.375634223222732544e-01
2.292829565703868866e-02 1.320084929466247559e-01
2.220857329666614532e-02 1.355713158845901489e-01
2.153088152408599854e-02 1.325925141572952271e-01
2.249713055789470673e-02 1.268506497144699097e-01
2.124557830393314362e-02 1.286853849887847900e-01
2.136567048728466034e-02 1.278831958770751953e-01
2.029488794505596161e-02 1.251784116029739380e-01
1.889428123831748962e-02 1.218390166759490967e-01
1.953870058059692383e-02 1.200414672493934631e-01
1.875068806111812592e-02 1.254445165395736694e-01
1.978556066751480103e-02 1.195055022835731506e-01
1.838382706046104431e-02 1.167134419083595276e-01
1.901168189942836761e-02 1.158409863710403442e-01
1.961064524948596954e-02 1.181901395320892334e-01
1.900417357683181763e-02 1.174605190753936768e-01
1.849529333412647247e-02 1.145126149058341980e-01
1.892353035509586334e-02 1.125501617789268494e-01
1.690521650016307831e-02 1.100212857127189636e-01
1.792009733617305756e-02 1.129433140158653259e-01
1.824392378330230713e-02 1.088343262672424316e-01
1.670946180820465088e-02 1.087855920195579529e-01
1.733168587088584900e-02 1.052725166082382202e-01
1.778039336204528809e-02 1.046907380223274231e-01
1.701336167752742767e-02 1.037112250924110413e-01
1.710103265941143036e-02 1.042734608054161072e-01
1.603828556835651398e-02 1.002096831798553467e-01
1.734238117933273315e-02 1.015209183096885681e-01
1.619688421487808228e-02 1.003501191735267639e-01
1.630046591162681580e-02 1.011478677392005920e-01
1.668168790638446808e-02 1.008860617876052856e-01
1.751913316547870636e-02 9.954051673412322998e-02
1.641674339771270752e-02 9.929396957159042358e-02
1.571872457861900330e-02 9.898189455270767212e-02
1.578202657401561737e-02 9.667628258466720581e-02
1.538880635052919388e-02 9.575562179088592529e-02
1.578532345592975616e-02 9.213270246982574463e-02
1.488941255956888199e-02 9.336935728788375854e-02
1.530425343662500381e-02 9.178462624549865723e-02
1.513346470892429352e-02 9.526156634092330933e-02
1.516357250511646271e-02 9.302735328674316406e-02
1.446172222495079041e-02 9.197459369897842407e-02
1.489754207432270050e-02 9.123916923999786377e-02
1.505386736243963242e-02 8.732921630144119263e-02
1.399877574294805527e-02 8.930167555809020996e-02
1.351089589297771454e-02 8.543485403060913086e-02
1.476234477013349533e-02 8.919841051101684570e-02
1.495610177516937256e-02 8.725886046886444092e-02
1.394298020750284195e-02 8.796675503253936768e-02
1.362296380102634430e-02 8.204044401645660400e-02
1.432732585817575455e-02 8.682701736688613892e-02
1.313506532460451126e-02 8.430694043636322021e-02
1.443839073181152344e-02 8.233095705509185791e-02
1.426541991531848907e-02 8.192516118288040161e-02
1.383269671350717545e-02 8.217644691467285156e-02
1.302107609808444977e-02 8.342054486274719238e-02
1.388953533023595810e-02 8.138877153396606445e-02
1.350041665136814117e-02 8.057840168476104736e-02
1.247705053538084030e-02 8.084473758935928345e-02
1.310364063829183578e-02 8.056684583425521851e-02
1.300992909818887711e-02 8.084605634212493896e-02
1.338854525238275528e-02 8.303035050630569458e-02
1.253911759704351425e-02 7.664711028337478638e-02
1.254615280777215958e-02 7.659129798412322998e-02
1.229005865752696991e-02 7.566293329000473022e-02
1.219663862138986588e-02 7.475218176841735840e-02
1.298709399998188019e-02 7.687386125326156616e-02
1.227402873337268829e-02 7.853122800588607788e-02
1.222039852291345596e-02 7.604332268238067627e-02
1.206632051616907120e-02 7.412809133529663086e-02
1.178755145519971848e-02 7.576975226402282715e-02
1.258383411914110184e-02 7.438085228204727173e-02
1.219940371811389923e-02 7.551153749227523804e-02
1.144153438508510590e-02 7.381778955459594727e-02
1.202550344169139862e-02 7.219113409519195557e-02
1.158657297492027283e-02 7.113212347030639648e-02
1.224048249423503876e-02 7.295916229486465454e-02
1.193252112716436386e-02 7.616390287876129150e-02
1.139443833380937576e-02 7.136815786361694336e-02
1.204460114240646362e-02 7.163316756486892700e-02
1.182067487388849258e-02 7.231371104717254639e-02
1.135972607880830765e-02 7.090742886066436768e-02
1.136747375130653381e-02 7.101602107286453247e-02
1.113271899521350861e-02 6.921011209487915039e-02
1.153597515076398849e-02 6.877148151397705078e-02
1.124969217926263809e-02 6.840758025646209717e-02
1.183161605149507523e-02 6.734365969896316528e-02
1.140910480171442032e-02 6.775309890508651733e-02
1.137526333332061768e-02 6.728017330169677734e-02
1.117612980306148529e-02 6.849008053541183472e-02
1.107387617230415344e-02 6.686465442180633545e-02
1.105481758713722229e-02 6.788285821676254272e-02
1.098873559385538101e-02 6.580590456724166870e-02
1.124747004359960556e-02 6.679642200469970703e-02
1.134075317531824112e-02 6.764391064643859863e-02
1.058220118284225464e-02 6.528860330581665039e-02
1.090163551270961761e-02 6.372454017400741577e-02
1.069201994687318802e-02 6.632126867771148682e-02
1.080998498946428299e-02 6.470949202775955200e-02
1.078394334763288498e-02 6.542604416608810425e-02
1.050775405019521713e-02 6.333930790424346924e-02
1.040889695286750793e-02 6.562804430723190308e-02
1.100214477628469467e-02 6.576164811849594116e-02
1.054259110242128372e-02 6.401233375072479248e-02
1.081725675612688065e-02 6.531757861375808716e-02
1.088655833154916763e-02 6.440079212188720703e-02
1.029678806662559509e-02 6.314131617546081543e-02
1.017970591783523560e-02 6.225609406828880310e-02
1.010175235569477081e-02 6.160166114568710327e-02
1.009834185242652893e-02 5.995925515890121460e-02
9.947096928954124451e-03 5.983228608965873718e-02
1.027723401784896851e-02 6.228152289986610413e-02
1.008329447358846664e-02 6.018965691328048706e-02
1.044876221567392349e-02 6.221180409193038940e-02
1.007906906306743622e-02 6.108739972114562988e-02
9.638404473662376404e-03 5.902918800711631775e-02
9.836512617766857147e-03 6.137929111719131470e-02
1.022713631391525269e-02 6.000927090644836426e-02
9.787673130631446838e-03 5.699244141578674316e-02
1.032480970025062561e-02 5.953249335289001465e-02
9.718555957078933716e-03 5.843606218695640564e-02
9.522206149995326996e-03 5.865557864308357239e-02
9.137502871453762054e-03 5.795271694660186768e-02
1.004392746835947037e-02 5.875143036246299744e-02
9.295102208852767944e-03 5.569150298833847046e-02
9.499944746494293213e-03 5.842325463891029358e-02
9.288930334150791168e-03 5.755663663148880005e-02
9.576139971613883972e-03 5.790837854146957397e-02
8.877164684236049652e-03 5.621084570884704590e-02
9.319100528955459595e-03 5.746211484074592590e-02
9.073719382286071777e-03 5.663610622286796570e-02
9.395653381943702698e-03 5.634800344705581665e-02
9.195310994982719421e-03 5.532487109303474426e-02
9.549765847623348236e-03 5.403990298509597778e-02
8.903306908905506134e-03 5.511832982301712036e-02
9.294018149375915527e-03 5.526774004101753235e-02
9.292116388678550720e-03 5.341786518692970276e-02
9.245743043720722198e-03 5.551346763968467712e-02
9.478596039116382599e-03 5.754907056689262390e-02
9.637692943215370178e-03 5.364982038736343384e-02
8.640400134027004242e-03 5.439723655581474304e-02
9.232587181031703949e-03 5.391965806484222412e-02
9.026465937495231628e-03 5.506961420178413391e-02
8.925252594053745270e-03 5.302613228559494019e-02
8.764284662902355194e-03 5.338306725025177002e-02
8.889066055417060852e-03 5.261198431253433228e-02
9.018868207931518555e-03 5.223788693547248840e-02
9.087855927646160126e-03 5.190636962652206421e-02
8.704627864062786102e-03 5.415437743067741394e-02
8.713899180293083191e-03 5.113742500543594360e-02
8.624922484159469604e-03 5.327095836400985718e-02
8.722220547497272491e-03 5.129342898726463318e-02
8.866488933563232422e-03 5.226777493953704834e-02
8.826610632240772247e-03 5.089266225695610046e-02
8.596479892730712891e-03 5.161559581756591797e-02
8.409501984715461731e-03 5.186394229531288147e-02
8.525452576577663422e-03 5.168944224715232849e-02
8.254475891590118408e-03 5.135379731655120850e-02
8.449061773717403412e-03 4.980270937085151672e-02
8.938471786677837372e-03 5.010310560464859009e-02
8.417609147727489471e-03 5.111980065703392029e-02
8.517590351402759552e-03 5.040611326694488525e-02
8.635824546217918396e-03 4.978546127676963806e-02
8.694783784449100494e-03 5.043212696909904480e-02
9.006370790302753448e-03 4.937202855944633484e-02
8.131481707096099854e-03 4.762541502714157104e-02
8.263899944722652435e-03 5.083406344056129456e-02
8.475176058709621429e-03 5.080938339233398438e-02
8.388995192945003510e-03 5.078931897878646851e-02
8.917519822716712952e-03 5.018144845962524414e-02
8.865392766892910004e-03 4.899490997195243835e-02
8.280782029032707214e-03 4.767900705337524414e-02
8.196427486836910248e-03 4.613826796412467957e-02
8.209256455302238464e-03 4.636685922741889954e-02
8.395306766033172607e-03 4.851166531443595886e-02
7.385998498648405075e-03 4.160130769014358521e-02
7.357355207204818726e-03 4.082116857171058655e-02
7.131657097488641739e-03 4.062258452177047729e-02
7.298024836927652359e-03 3.958610072731971741e-02
7.505763322114944458e-03 4.082357883453369141e-02
6.990391295403242111e-03 3.940546885132789612e-02
7.092953193932771683e-03 3.963628411293029785e-02
7.693441584706306458e-03 4.022519662976264954e-02
7.138142827898263931e-03 3.922631219029426575e-02
7.027130108326673508e-03 3.946432843804359436e-02
7.200206629931926727e-03 3.954450413584709167e-02
6.994758266955614090e-03 4.015841335058212280e-02
6.775562651455402374e-03 3.934366255998611450e-02
6.880276370793581009e-03 3.957586362957954407e-02
7.033970672637224197e-03 3.952829167246818542e-02
6.890472490340471268e-03 3.915530443191528320e-02
6.790639832615852356e-03 3.931599482893943787e-02
6.859709508717060089e-03 3.986664116382598877e-02
6.676238495856523514e-03 3.895605728030204773e-02
6.924790795892477036e-03 3.914727643132209778e-02
7.130427751690149307e-03 3.885976597666740417e-02
7.148691918700933456e-03 3.932724893093109131e-02
6.800783332437276840e-03 3.891691565513610840e-02
6.889832671731710434e-03 3.803417831659317017e-02
6.803275085985660553e-03 3.820816427469253540e-02
6.744103040546178818e-03 3.781475871801376343e-02
6.877524312585592270e-03 3.854373469948768616e-02
6.667288485914468765e-03 3.765355050563812256e-02
7.462285459041595459e-03 3.869597613811492920e-02
6.952208466827869415e-03 3.835471719503402710e-02
6.790227722376585007e-03 3.769942373037338257e-02
7.311400026082992554e-03 3.772374987602233887e-02
7.999799214303493500e-03 4.182974621653556824e-02
6.976123899221420288e-03 3.850476443767547607e-02
7.053892128169536591e-03 3.890930116176605225e-02
6.904679350554943085e-03 3.891482204198837280e-02
7.038897369056940079e-03 3.883516043424606323e-02
7.086118217557668686e-03 3.704266995191574097e-02
6.997408811002969742e-03 3.850919008255004883e-02
7.043089717626571655e-03 3.688076511025428772e-02
6.618707906454801559e-03 3.751932829618453979e-02
6.700248457491397858e-03 3.700999543070793152e-02
6.683502811938524246e-03 3.689649328589439392e-02
6.750151515007019043e-03 3.656355291604995728e-02
6.916391197592020035e-03 3.717436641454696655e-02
6.628606468439102173e-03 3.677778691053390503e-02
6.676355376839637756e-03 3.663076087832450867e-02
6.774671841412782669e-03 3.618150204420089722e-02
6.452659610658884048e-03 3.704363480210304260e-02
6.918708328157663345e-03 3.578288853168487549e-02
6.593405269086360931e-03 3.608727827668190002e-02
6.695982534438371658e-03 3.657865524291992188e-02
6.530574057251214981e-03 3.617824241518974304e-02
6.829431746155023575e-03 3.654777631163597107e-02
6.478538271039724350e-03 3.660607710480690002e-02
6.798011250793933868e-03 3.688673675060272217e-02
6.440778262913227081e-03 3.598366305232048035e-02
6.544058211147785187e-03 3.603803366422653198e-02
6.631799973547458649e-03 3.698026761412620544e-02
6.617897190153598785e-03 3.709189221262931824e-02
6.705768872052431107e-03 3.634231165051460266e-02
6.524563301354646683e-03 3.758008405566215515e-02
6.609572563320398331e-03 3.658218309283256531e-02
6.345214322209358215e-03 3.615615889430046082e-02
6.662957370281219482e-03 3.628167882561683655e-02
6.439320277422666550e-03 3.505647182464599609e-02
6.675837561488151550e-03 3.547746315598487854e-02
6.565967109054327011e-03 3.613923117518424988e-02
6.576586049050092697e-03 3.469434753060340881e-02
6.347616203129291534e-03 3.358623757958412170e-02
6.329151801764965057e-03 3.487968817353248596e-02
6.354206241667270660e-03 3.563975170254707336e-02
6.345752626657485962e-03 3.429311886429786682e-02
6.382755003869533539e-03 3.492632880806922913e-02
6.342356093227863312e-03 3.459902480244636536e-02
6.390035618096590042e-03 3.416974470019340515e-02
6.485576275736093521e-03 3.569700196385383606e-02
6.498578004539012909e-03 3.498955816030502319e-02
6.380861625075340271e-03 3.438377007842063904e-02
6.572668440639972687e-03 3.532096371054649353e-02
6.311320699751377106e-03 3.486989438533782959e-02
6.479432340711355209e-03 3.415597602725028992e-02
6.566359195858240128e-03 3.369379416108131409e-02
6.565384101122617722e-03 3.525848686695098877e-02
6.496407091617584229e-03 3.428832069039344788e-02
6.411032285541296005e-03 3.423545137047767639e-02
6.493928376585245132e-03 3.419516608119010925e-02
6.357559468597173691e-03 3.456956893205642700e-02
6.391794886440038681e-03 3.341658785939216614e-02
6.725384853780269623e-03 3.474903106689453125e-02
6.342020351439714432e-03 3.444453701376914978e-02
6.184039637446403503e-03 3.515889495611190796e-02
6.328874733299016953e-03 3.320271894335746765e-02
6.391262169927358627e-03 3.319235146045684814e-02
6.308219395577907562e-03 3.228557854890823364e-02
6.391968578100204468e-03 3.466591611504554749e-02
6.203408818691968918e-03 3.287291526794433594e-02
6.692343391478061676e-03 3.553204983472824097e-02
6.304690148681402206e-03 3.354309126734733582e-02
6.293137557804584503e-03 3.342517465353012085e-02
6.168880034238100052e-03 3.402163088321685791e-02
6.475826725363731384e-03 3.471332788467407227e-02
6.165199913084506989e-03 3.351505473256111145e-02
6.355645600706338882e-03 3.432558476924896240e-02
6.455309223383665085e-03 3.454177454113960266e-02
6.593246944248676300e-03 3.280977532267570496e-02
6.295368541032075882e-03 3.337841480970382690e-02
6.250098813325166702e-03 3.302698954939842224e-02
6.433813832700252533e-03 3.289740905165672302e-02
6.337027065455913544e-03 3.327158465981483459e-02
6.030588410794734955e-03 3.167786449193954468e-02
6.096814293414354324e-03 3.271770104765892029e-02
6.256752181798219681e-03 3.298601508140563965e-02
6.184719502925872803e-03 3.222002461552619934e-02
6.132531911134719849e-03 3.232897818088531494e-02
6.221395451575517654e-03 3.255974501371383667e-02
6.199133116751909256e-03 3.273737803101539612e-02
6.565807387232780457e-03 3.319631516933441162e-02
6.422659382224082947e-03 3.285912424325942993e-02
6.283910479396581650e-03 3.203926607966423035e-02
6.186264101415872574e-03 3.204315528273582458e-02
6.112882401794195175e-03 3.305781260132789612e-02
6.305448710918426514e-03 3.331407532095909119e-02
6.072077434509992599e-03 3.316293656826019287e-02
6.191197317093610764e-03 3.232404962182044983e-02
6.048333831131458282e-03 3.248638659715652466e-02
6.118803285062313080e-03 3.230243176221847534e-02
6.232561543583869934e-03 3.240786492824554443e-02
5.934911314398050308e-03 3.251770883798599243e-02
6.200314965099096298e-03 3.259679302573204041e-02
6.424116436392068863e-03 3.228357434272766113e-02
6.071459967643022537e-03 3.220118582248687744e-02
5.829083267599344254e-03 3.099709376692771912e-02
6.047725677490234375e-03 3.157676756381988525e-02
6.434196140617132187e-03 3.370394185185432434e-02
6.377325393259525299e-03 3.162785992026329041e-02
6.347965449094772339e-03 3.155493736267089844e-02
6.061804015189409256e-03 3.171960636973381042e-02
6.109851412475109100e-03 3.104961477220058441e-02
6.233967840671539307e-03 3.112066350877285004e-02
6.364047992974519730e-03 3.175674378871917725e-02
6.221510935574769974e-03 3.129030019044876099e-02
6.081417668610811234e-03 3.126342594623565674e-02
6.231877952814102173e-03 3.142677992582321167e-02
6.354643031954765320e-03 3.173271939158439636e-02
5.901595111936330795e-03 2.973483316600322723e-02
6.020612083375453949e-03 3.256596252322196960e-02
5.876032635569572449e-03 3.070246428251266479e-02
6.038859952241182327e-03 3.034220822155475616e-02
5.759142339229583740e-03 3.107283078134059906e-02
6.021838635206222534e-03 3.079475276172161102e-02
6.278762593865394592e-03 3.213549777865409851e-02
6.105934269726276398e-03 3.200706467032432556e-02
6.115474738180637360e-03 3.170043975114822388e-02
6.369419395923614502e-03 2.996494621038436890e-02
5.899927578866481781e-03 2.996165677905082703e-02
6.008208263665437698e-03 3.098447807133197784e-02
5.911325104534626007e-03 2.996220439672470093e-02
6.019193679094314575e-03 3.115211986005306244e-02
5.818535573780536652e-03 3.020095452666282654e-02
6.133197341114282608e-03 2.971550077199935913e-02
5.946443416178226471e-03 3.052296303212642670e-02
6.002235691994428635e-03 3.052269481122493744e-02
6.041310727596282959e-03 3.028569184243679047e-02
5.858218297362327576e-03 3.039424866437911987e-02
5.674590356647968292e-03 3.009151481091976166e-02
5.738862790167331696e-03 2.954869903624057770e-02
5.699235014617443085e-03 3.068183362483978271e-02
5.923909600824117661e-03 3.032911196351051331e-02
5.623193923383951187e-03 2.956077456474304199e-02
5.788652691990137100e-03 3.034613840281963348e-02
5.783664062619209290e-03 3.004547581076622009e-02
5.857128184288740158e-03 3.098452091217041016e-02
5.880867596715688705e-03 3.028531558811664581e-02
5.964280106127262115e-03 2.995976619422435760e-02
5.811074748635292053e-03 3.010475635528564453e-02
5.915814079344272614e-03 3.018427640199661255e-02
5.927045363932847977e-03 2.886012755334377289e-02
5.765443667769432068e-03 2.928590960800647736e-02
6.198479793965816498e-03 3.059160150587558746e-02
6.096843164414167404e-03 3.055835887789726257e-02
5.878983996808528900e-03 2.917112223803997040e-02
6.047346163541078568e-03 2.947437390685081482e-02
5.795614328235387802e-03 2.990909852087497711e-02
5.910296924412250519e-03 2.941968478262424469e-02
5.505648907274007797e-03 2.869520708918571472e-02
5.686632357537746429e-03 2.963209338486194611e-02
5.819783546030521393e-03 2.895494364202022552e-02
5.930465646088123322e-03 2.856929041445255280e-02
5.998670123517513275e-03 2.956129424273967743e-02
5.675101652741432190e-03 2.904849685728549957e-02
5.834670271724462509e-03 2.903042174875736237e-02
5.785448942333459854e-03 2.895313873887062073e-02
5.736337043344974518e-03 2.767950855195522308e-02
5.691694095730781555e-03 2.847543172538280487e-02
5.782552994787693024e-03 2.865807898342609406e-02
5.760126747190952301e-03 2.839140035212039948e-02
6.109629292041063309e-03 2.935221791267395020e-02
5.854731891304254532e-03 2.833733707666397095e-02
5.869955290108919144e-03 2.867302484810352325e-02
5.408014170825481415e-03 2.606059052050113678e-02
5.580848082900047302e-03 2.544089965522289276e-02
5.350020714104175568e-03 2.494684979319572449e-02
5.169410258531570435e-03 2.500137872993946075e-02
5.489570554345846176e-03 2.565534412860870361e-02
5.219342652708292007e-03 2.443905919790267944e-02
5.135412793606519699e-03 2.455887198448181152e-02
5.498196929693222046e-03 2.460562996566295624e-02
5.280657205730676651e-03 2.527985908091068268e-02
5.355015862733125687e-03 2.531469427049160004e-02
5.352200940251350403e-03 2.485448494553565979e-02
5.252132657915353775e-03 2.471726387739181519e-02
5.588121712207794189e-03 2.488709613680839539e-02
5.390819627791643143e-03 2.476348355412483215e-02
5.385991651564836502e-03 2.530981600284576416e-02
5.369819700717926025e-03 2.455525286495685577e-02
5.259767640382051468e-03 2.456969581544399261e-02
5.186521448194980621e-03 2.410869114100933075e-02
5.322484299540519714e-03 2.470946498215198517e-02
5.192685406655073166e-03 2.399087883532047272e-02
5.295907147228717804e-03 2.472208254039287567e-02
5.323794670403003693e-03 2.420561760663986206e-02
5.233618896454572678e-03 2.434755489230155945e-02
5.293760914355516434e-03 2.429358661174774170e-02
5.254805088043212891e-03 2.362867631018161774e-02
5.144819617271423340e-03 2.461340278387069702e-02
5.294363014400005341e-03 2.465080842375755310e-02
5.174923688173294067e-03 2.463627979159355164e-02
5.245154723525047302e-03 2.539156377315521240e-02
5.164569243788719177e-03 2.452326379716396332e-02
5.264788866043090820e-03 2.449458651244640350e-02
5.213597789406776428e-03 2.474812977015972137e-02
5.237308796495199203e-03 2.503288537263870239e-02
5.230241920799016953e-03 2.394661679863929749e-02
5.076923873275518417e-03 2.385841496288776398e-02
5.373569671064615250e-03 2.450598217546939850e-02
5.412131082266569138e-03 2.398267760872840881e-02
5.173947196453809738e-03 2.379216253757476807e-02
5.218802019953727722e-03 2.470861934125423431e-02
5.355102010071277618e-03 2.402532286942005157e-02
5.228854715824127197e-03 2.403244562447071075e-02
5.183041095733642578e-03 2.352967113256454468e-02
5.099516361951828003e-03 2.374717965722084045e-02
5.231754854321479797e-03 2.399030514061450958e-02
5.265390034765005112e-03 2.466398291289806366e-02
5.168511997908353806e-03 2.395839430391788483e-02
5.068553145974874496e-03 2.399540506303310394e-02
5.213784519582986832e-03 2.326329052448272705e-02
5.168836098164319992e-03 2.415181137621402740e-02
5.329821724444627762e-03 2.427952736616134644e-02
5.223128478974103928e-03 2.420731447637081146e-02
5.184909794479608536e-03 2.376901358366012573e-02
5.196081474423408508e-03 2.321395650506019592e-02
5.217046011239290237e-03 2.531356364488601685e-02
5.252126604318618774e-03 2.464526891708374023e-02
5.333778448402881622e-03 2.461019344627857208e-02
5.341727286577224731e-03 2.423923090100288391e-02
4.937028978019952774e-03 2.423323877155780792e-02
5.193039309233427048e-03 2.378298714756965637e-02
5.232016555964946747e-03 2.355200797319412231e-02
5.142752546817064285e-03 2.425722591578960419e-02
5.076283123344182968e-03 2.343415655195713043e-02
5.182432476431131363e-03 2.343541011214256287e-02
5.266534164547920227e-03 2.449674159288406372e-02
5.277817603200674057e-03 2.444945648312568665e-02
5.204815883189439774e-03 2.453519403934478760e-02
5.351660773158073425e-03 2.352620474994182587e-02
5.188260227441787720e-03 2.323954366147518158e-02
5.160849075764417648e-03 2.454266324639320374e-02
5.106532014906406403e-03 2.357352152466773987e-02
5.177581217139959335e-03 2.297740243375301361e-02
5.216102581471204758e-03 2.377616800367832184e-02
5.016779527068138123e-03 2.296254411339759827e-02
5.098814610391855240e-03 2.350254170596599579e-02
5.082552786916494370e-03 2.409583330154418945e-02
5.142875015735626221e-03 2.387477457523345947e-02
5.073111038655042648e-03 2.329942211508750916e-02
5.119225941598415375e-03 2.308387123048305511e-02
5.087729543447494507e-03 2.322002127766609192e-02
5.059423856437206268e-03 2.373207733035087585e-02
5.360207520425319672e-03 2.322356402873992920e-02
5.116378422826528549e-03 2.383201010525226593e-02
4.994176328182220459e-03 2.322770655155181885e-02
5.204617045819759369e-03 2.322740107774734497e-02
5.108166486024856567e-03 2.324483543634414673e-02
4.987751599401235580e-03 2.313279733061790466e-02
5.009025800973176956e-03 2.334714680910110474e-02
5.159828811883926392e-03 2.379075810313224792e-02
5.085724871605634689e-03 2.357042208313941956e-02
5.298825912177562714e-03 2.397269941866397858e-02
5.166554357856512070e-03 2.356188185513019562e-02
5.106598604470491409e-03 2.335493266582489014e-02
5.266902036964893341e-03 2.378354594111442566e-02
5.013143643736839294e-03 2.243536897003650665e-02
5.351827479898929596e-03 2.294404432177543640e-02
5.260731093585491180e-03 2.287422306835651398e-02
5.147093441337347031e-03 2.379388734698295593e-02
4.982076119631528854e-03 2.335012145340442657e-02
5.255009047687053680e-03 2.298792265355587006e-02
5.098486319184303284e-03 2.407684363424777985e-02
5.232069175690412521e-03 2.279230020940303802e-02
5.222017876803874969e-03 2.308553643524646759e-02
5.097215063869953156e-03 2.307993732392787933e-02
4.996759817004203796e-03 2.337913028895854950e-02
4.930260591208934784e-03 2.411327138543128967e-02
5.106731783598661423e-03 2.375355735421180725e-02
5.163163878023624420e-03 2.374238148331642151e-02
4.960519727319478989e-03 2.296373061835765839e-02
5.242897197604179382e-03 2.332704700529575348e-02
5.064870696514844894e-03 2.239573001861572266e-02
4.981810692697763443e-03 2.282338403165340424e-02
5.156599916517734528e-03 2.288271859288215637e-02
5.182734224945306778e-03 2.324833348393440247e-02
4.996378906071186066e-03 2.197144366800785065e-02
5.060899537056684494e-03 2.278508618474006653e-02
4.938597790896892548e-03 2.207684516906738281e-02
4.963270854204893112e-03 2.286040224134922028e-02
4.945588763803243637e-03 2.275351248681545258e-02
5.034947767853736877e-03 2.264218404889106750e-02
4.833230283111333847e-03 2.255613170564174652e-02
5.167569033801555634e-03 2.204019948840141296e-02
5.005704704672098160e-03 2.247517555952072144e-02
5.206375848501920700e-03 2.260090038180351257e-02
4.983521997928619385e-03 2.251351997256278992e-02
4.999488592147827148e-03 2.283803559839725494e-02
5.026006605476140976e-03 2.252612262964248657e-02
5.079811438918113708e-03 2.202693931758403778e-02
5.069471895694732666e-03 2.261537499725818634e-02
4.894846584647893906e-03 2.271603792905807495e-02
5.044118501245975494e-03 2.353147044777870178e-02
4.889517091214656830e-03 2.274567633867263794e-02
5.123825743794441223e-03 2.227653935551643372e-02
5.128249991685152054e-03 2.203158289194107056e-02
4.926082212477922440e-03 2.286392822861671448e-02
4.969819914549589157e-03 2.211681380867958069e-02
5.079757422208786011e-03 2.243020571768283844e-02
4.831945523619651794e-03 2.229041419923305511e-02
4.922397900372743607e-03 2.229664288461208344e-02
4.891524091362953186e-03 2.297636307775974274e-02
5.008588079363107681e-03 2.223986014723777771e-02
5.060954485088586807e-03 2.307807654142379761e-02
4.888108931481838226e-03 2.264605090022087097e-02
5.029019899666309357e-03 2.231627888977527618e-02
5.001566838473081589e-03 2.271485514938831329e-02
4.958592355251312256e-03 2.204392477869987488e-02
4.999586846679449081e-03 2.261826023459434509e-02
4.814564250409603119e-03 2.219022624194622040e-02
5.012582987546920776e-03 2.240311354398727417e-02
4.882716573774814606e-03 2.244049869477748871e-02
4.952796734869480133e-03 2.288796007633209229e-02
4.957154393196105957e-03 2.269993163645267487e-02
4.924682900309562683e-03 2.276215143501758575e-02
5.031614098697900772e-03 2.222640439867973328e-02
4.977750591933727264e-03 2.247679792344570160e-02
5.095500033348798752e-03 2.172720246016979218e-02
4.844812676310539246e-03 2.203889563679695129e-02
4.906297661364078522e-03 2.230351790785789490e-02
5.068223923444747925e-03 2.263343706727027893e-02
4.874069709330797195e-03 2.255918458104133606e-02
5.048198159784078598e-03 2.201492153108119965e-02
4.944100975990295410e-03 2.275619469583034515e-02
4.872760735452175140e-03 2.199355140328407288e-02
4.796658642590045929e-03 2.203995361924171448e-02
5.024358630180358887e-03 2.161998488008975983e-02
4.880694672465324402e-03 2.212926931679248810e-02
4.763547796756029129e-03 2.202177606523036957e-02
5.116476211696863174e-03 2.223819121718406677e-02
4.776092246174812317e-03 2.169999666512012482e-02
5.019410047680139542e-03 2.221731655299663544e-02
4.821879323571920395e-03 2.160467579960823059e-02
4.708009306341409683e-03 2.142224647104740143e-02
4.840237554162740707e-03 2.167123928666114807e-02
4.923522938042879105e-03 2.220388688147068024e-02
4.853516351431608200e-03 2.167327888309955597e-02
5.006779450923204422e-03 2.142224460840225220e-02
4.901726264506578445e-03 2.124896645545959473e-02
4.925376735627651215e-03 2.246935665607452393e-02
4.820025525987148285e-03 2.217843197286128998e-02
4.863337613642215729e-03 2.250267751514911652e-02
4.939120728522539139e-03 2.154507488012313843e-02
5.043652374297380447e-03 2.186726406216621399e-02
4.905319772660732269e-03 2.186248265206813812e-02
4.996919073164463043e-03 2.180490270256996155e-02
4.745712038129568100e-03 2.169848419725894928e-02
4.915041849017143250e-03 2.160205878317356110e-02
4.977185279130935669e-03 2.238396555185317993e-02
4.877820611000061035e-03 2.143113501369953156e-02
4.775890614837408066e-03 2.134753018617630005e-02
4.699049517512321472e-03 2.220730297267436981e-02
4.785895347595214844e-03 2.108054794371128082e-02
4.785540513694286346e-03 2.176051028072834015e-02
4.896158352494239807e-03 2.125270292162895203e-02
4.646139219403266907e-03 2.156780101358890533e-02
4.935915581881999969e-03 2.118819765746593475e-02
4.742760211229324341e-03 2.134998701512813568e-02
4.986209794878959656e-03 2.171423099935054779e-02
4.751194734126329422e-03 2.102357521653175354e-02
4.860288463532924652e-03 2.160378918051719666e-02
4.747086204588413239e-03 2.145567163825035095e-02
4.751468542963266373e-03 2.143022976815700531e-02
4.700117278844118118e-03 1.984839700162410736e-02
4.822422284632921219e-03 2.022826485335826874e-02
4.697534255683422089e-03 1.986272260546684265e-02
4.649601411074399948e-03 2.101798728108406067e-02
4.550681449472904205e-03 1.989096589386463165e-02
4.633912350982427597e-03 2.032574266195297241e-02
4.682233557105064392e-03 1.991361752152442932e-02
4.797369241714477539e-03 1.990981958806514740e-02
4.677623044699430466e-03 1.991165801882743835e-02
4.763035103678703308e-03 2.028062939643859863e-02
4.602104425430297852e-03 1.959248445928096771e-02
4.623311106115579605e-03 1.984629034996032715e-02
4.752712324261665344e-03 1.993051730096340179e-02
4.626892507076263428e-03 1.992935314774513245e-02
4.580610431730747223e-03 1.983547769486904144e-02
4.539805930107831955e-03 1.950963214039802551e-02
4.757362417876720428e-03 1.955333910882472992e-02
4.774610511958599091e-03 1.975760236382484436e-02
4.572277422994375229e-03 1.962338946759700775e-02
4.696087446063756943e-03 1.957669854164123535e-02
4.632703959941864014e-03 1.919743418693542480e-02
4.731972701847553253e-03 1.984873786568641663e-02
4.552890080958604813e-03 1.962346024811267853e-02
4.745285492390394211e-03 1.987603493034839630e-02
4.576314240694046021e-03 1.955624669790267944e-02
4.545022733509540558e-03 1.977038569748401642e-02
4.584682639688253403e-03 1.923437602818012238e-02
4.595011007040739059e-03 1.921968348324298859e-02
4.625980742275714874e-03 1.957176998257637024e-02
4.565281327813863754e-03 1.964139752089977264e-02
4.645271692425012589e-03 2.007708698511123657e-02
4.542938433587551117e-03 1.953924074769020081e-02
4.666064400225877762e-03 1.913981139659881592e-02
4.626714158803224564e-03 1.976595073938369751e-02
4.592260811477899551e-03 1.918908953666687012e-02
4.667702130973339081e-03 1.891487091779708862e-02
4.509417340159416199e-03 1.940248534083366394e-02
4.580018110573291779e-03 1.975817419588565826e-02
4.495159722864627838e-03 1.925391331315040588e-02
4.721304401755332947e-03 1.979689672589302063e-02
4.496615380048751831e-03 1.914554648101329803e-02
4.706264939159154892e-03 1.977945677936077118e-02
4.687712527811527252e-03 1.947271265089511871e-02
4.681521095335483551e-03 1.890886388719081879e-02
4.559520166367292404e-03 1.967083849012851715e-02
4.649695008993148804e-03 1.963137648999691010e-02
4.800090566277503967e-03 1.945473253726959229e-02
4.593777470290660858e-03 1.985365711152553558e-02
4.677663091570138931e-03 1.991962641477584839e-02
4.664038773626089096e-03 1.930378191173076630e-02
4.637022968381643295e-03 1.987471245229244232e-02
4.628192633390426636e-03 1.961200684309005737e-02
4.672269336879253387e-03 1.921421103179454803e-02
4.772476851940155029e-03 1.905175484716892242e-02
4.756690468639135361e-03 1.947449892759323120e-02
4.582286346703767776e-03 1.947959698736667633e-02
4.568496253341436386e-03 1.943377591669559479e-02
4.430551547557115555e-03 1.926021836698055267e-02
4.605009686201810837e-03 1.937860436737537384e-02
4.711557645350694656e-03 1.984228938817977905e-02
4.516569897532463074e-03 1.944611407816410065e-02
4.518023226410150528e-03 1.915910281240940094e-02
4.651326220482587814e-03 1.907951384782791138e-02
4.600637126713991165e-03 1.889463327825069427e-02
4.501565825194120407e-03 1.914636045694351196e-02
4.526448436081409454e-03 1.863478496670722961e-02
4.627390764653682709e-03 1.911962404847145081e-02
4.495523869991302490e-03 1.891555637121200562e-02
4.669919144362211227e-03 1.946774311363697052e-02
4.702070727944374084e-03 1.958396844565868378e-02
4.634008277207612991e-03 1.951591670513153076e-02
4.396943375468254089e-03 1.954052224755287170e-02
4.538574256002902985e-03 1.899614185094833374e-02
4.534758161753416061e-03 1.905132271349430084e-02
4.565265495330095291e-03 1.938453689217567444e-02
4.545727279037237167e-03 1.937485486268997192e-02
4.557162988930940628e-03 1.897817850112915039e-02
4.456414841115474701e-03 1.909804344177246094e-02
4.619917366653680801e-03 1.934984885156154633e-02
4.728341475129127502e-03 1.901968009769916534e-02
4.517262801527976990e-03 1.983430795371532440e-02
4.554213024675846100e-03 1.870038919150829315e-02
4.617633763700723648e-03 1.924703642725944519e-02
4.600154701620340347e-03 1.991476491093635559e-02
4.395144060254096985e-03 1.904083229601383209e-02
4.633798263967037201e-03 1.904829777777194977e-02
4.380142316222190857e-03 1.870184205472469330e-02
4.601610358804464340e-03 1.893709041178226471e-02
4.519351292401552200e-03 1.941881328821182251e-02
4.443081561475992203e-03 1.918485760688781738e-02
4.546591080725193024e-03 1.944643072783946991e-02
4.613145254552364349e-03 1.875413581728935242e-02
4.686710424721240997e-03 1.972229965031147003e-02
4.556616768240928650e-03 1.920644193887710571e-02
4.498668480664491653e-03 1.912218704819679260e-02
4.616727586835622787e-03 1.898548193275928497e-02
4.426788073033094406e-03 1.889807358384132385e-02
4.535249900072813034e-03 1.938894763588905334e-02
4.426410421729087830e-03 1.941450312733650208e-02
4.553062841296195984e-03 1.951235905289649963e-02
4.544634837657213211e-03 1.962258480489253998e-02
4.651129711419343948e-03 1.961509697139263153e-02
4.588300362229347229e-03 1.944130659103393555e-02
4.525335039943456650e-03 1.896779611706733704e-02
4.462949465960264206e-03 1.891188323497772217e-02
4.526676144450902939e-03 1.924644596874713898e-02
4.522326868027448654e-03 1.958403736352920532e-02
4.452542401850223541e-03 1.923961751163005829e-02
4.497888032346963882e-03 1.893787458539009094e-02
4.591773264110088348e-03 1.872216910123825073e-02
4.685022402554750443e-03 1.896287314593791962e-02
4.475336987525224686e-03 1.940707676112651825e-02
4.588843323290348053e-03 1.901321671903133392e-02
4.517197608947753906e-03 1.869375258684158325e-02
4.530167672783136368e-03 1.919011585414409637e-02
4.376784432679414749e-03 1.874940097332000732e-02
4.800599534064531326e-03 1.935761980712413788e-02
4.513517487794160843e-03 1.869892328977584839e-02
4.595187027007341385e-03 1.867889054119586945e-02
4.642201587557792664e-03 1.896128617227077484e-02
4.501848481595516205e-03 1.879379712045192719e-02
4.352455958724021912e-03 1.871007867157459259e-02
4.494872875511646271e-03 1.875349879264831543e-02
4.531242419034242630e-03 1.858096197247505188e-02
4.500436130911111832e-03 1.968516968190670013e-02
4.453977104276418686e-03 1.869214698672294617e-02
4.428704269230365753e-03 1.840349286794662476e-02
4.480258561670780182e-03 1.897840946912765503e-02
4.537929315119981766e-03 1.910608634352684021e-02
4.422236699610948563e-03 1.906839013099670410e-02
4.509948194026947021e-03 1.870272494852542877e-02
4.460977390408515930e-03 1.928887329995632172e-02
4.506791010499000549e-03 1.924818754196166992e-02
4.549361299723386765e-03 1.932336948812007904e-02
4.680743440985679626e-03 1.901396177709102631e-02
4.440162796527147293e-03 1.856677234172821045e-02
4.400399513542652130e-03 1.849570497870445251e-02
4.395841620862483978e-03 1.840479299426078796e-02
4.455741960555315018e-03 1.847247220575809479e-02
4.457661416381597519e-03 1.892143301665782928e-02
4.396170843392610550e-03 1.851315051317214966e-02
4.541897680610418320e-03 1.883506774902343750e-02
4.461994860321283340e-03 1.906609162688255310e-02
4.544205963611602783e-03 1.891603507101535797e-02
4.600767046213150024e-03 1.858609169721603394e-02
4.501862451434135437e-03 1.846576668322086334e-02
4.468414932489395142e-03 1.920259185135364532e-02
4.452174995094537735e-03 1.938819885253906250e-02
4.497799091041088104e-03 1.921444386243820190e-02
4.527681507170200348e-03 1.882828772068023682e-02
4.556393716484308243e-03 1.904323697090148926e-02
4.497619811445474625e-03 1.835399679839611053e-02
4.394699353724718094e-03 1.847404986619949341e-02
4.399311728775501251e-03 1.817367412149906158e-02
4.498666618019342422e-03 1.876124367117881775e-02
4.466588608920574188e-03 1.888681948184967041e-02
4.502481780946254730e-03 1.835164055228233337e-02
4.527985118329524994e-03 1.906186528503894806e-02
4.630657378584146500e-03 1.929743029177188873e-02
4.524392075836658478e-03 1.890125870704650879e-02
4.467336926609277725e-03 1.879449374973773956e-02
4.445088095963001251e-03 1.895509287714958191e-02
4.510550294071435928e-03 1.860692352056503296e-02
4.433052148669958115e-03 1.896128430962562561e-02
4.392282571643590927e-03 1.825552061200141907e-02
4.428416956216096878e-03 1.849218085408210754e-02
4.420852288603782654e-03 1.826976984739303589e-02
4.451655317097902298e-03 1.863910816609859467e-02
4.524502437561750412e-03 1.870728842914104462e-02
4.474232904613018036e-03 1.878953911364078522e-02
4.475612659007310867e-03 1.881476491689682007e-02
4.404987674206495285e-03 1.851147599518299103e-02
4.579860251396894455e-03 1.858368515968322754e-02
4.424461629241704941e-03 1.891097612679004669e-02
4.511240404099225998e-03 1.851908117532730103e-02
4.452791996300220490e-03 1.881387084722518921e-02
4.576262086629867554e-03 1.916441135108470917e-02
4.530047997832298279e-03 1.876693405210971832e-02
4.352519754320383072e-03 1.907580904662609100e-02
4.413218237459659576e-03 1.862942241132259369e-02
4.445984028279781342e-03 1.836351118981838226e-02
4.459001589566469193e-03 1.861098594963550568e-02
4.457852803170681000e-03 1.881803385913372040e-02
4.454305861145257950e-03 1.884358562529087067e-02
4.474331624805927277e-03 1.846390403807163239e-02
4.339996725320816040e-03 1.868323795497417450e-02
4.490672145038843155e-03 1.851744391024112701e-02
4.493518266826868057e-03 1.872877962887287140e-02
4.468535073101520538e-03 1.840683631598949432e-02
4.410850349813699722e-03 1.837219670414924622e-02
4.341495223343372345e-03 1.836235821247100830e-02
4.563113674521446228e-03 1.888157054781913757e-02
4.376561380922794342e-03 1.811891235411167145e-02
4.479590337723493576e-03 1.852404884994029999e-02
4.259124863892793655e-03 1.825306937098503113e-02
4.380013328045606613e-03 1.885575801134109497e-02
4.296218510717153549e-03 1.801043748855590820e-02
4.478713031858205795e-03 1.896633580327033997e-02
4.461283795535564423e-03 1.847892068326473236e-02
4.455039743334054947e-03 1.904888637363910675e-02
4.303109366446733475e-03 1.800090260803699493e-02
4.333849530667066574e-03 1.777093112468719482e-02
4.320616368204355240e-03 1.752898842096328735e-02
4.341470543295145035e-03 1.789007522165775299e-02
4.335333593189716339e-03 1.761440560221672058e-02
4.322243388742208481e-03 1.745095476508140564e-02
4.306049086153507233e-03 1.740058325231075287e-02
4.368016496300697327e-03 1.779315993189811707e-02
4.259024281054735184e-03 1.756336912512779236e-02
4.363684449344873428e-03 1.779978908598423004e-02
4.424761980772018433e-03 1.788608171045780182e-02
4.393008537590503693e-03 1.798222213983535767e-02
4.393562208861112595e-03 1.752171479165554047e-02
4.426069557666778564e-03 1.753490418195724487e-02
4.367627669125795364e-03 1.804615557193756104e-02
4.321232438087463379e-03 1.816049218177795410e-02
4.313538782298564911e-03 1.704519055783748627e-02
4.335437435656785965e-03 1.742128841578960419e-02
4.282472655177116394e-03 1.747051998972892761e-02
4.247886594384908676e-03 1.787095703184604645e-02
4.340007901191711426e-03 1.793946139514446259e-02
4.426450934261083603e-03 1.782402023673057556e-02
4.365836270153522491e-03 1.738670095801353455e-02
4.361036699265241623e-03 1.853774301707744598e-02
4.168665502220392227e-03 1.756636425852775574e-02
4.338673315942287445e-03 1.778476312756538391e-02
4.333273041993379593e-03 1.755241677165031433e-02
4.354803822934627533e-03 1.767887920141220093e-02
4.260635469108819962e-03 1.815134473145008087e-02
4.384763073176145554e-03 1.782264187932014465e-02
4.295870196074247360e-03 1.782426238059997559e-02
4.378682933747768402e-03 1.760073378682136536e-02
4.314672201871871948e-03 1.766166649758815765e-02
4.255955573171377182e-03 1.779250055551528931e-02
4.304998088628053665e-03 1.759291253983974457e-02
4.260578658431768417e-03 1.760230399668216705e-02
4.271536134183406830e-03 1.750893332064151764e-02
4.263507667928934097e-03 1.780145801603794098e-02
4.343096632510423660e-03 1.765589974820613861e-02
4.392507486045360565e-03 1.752715557813644409e-02
4.386682063341140747e-03 1.764465682208538055e-02
4.219832830131053925e-03 1.735193468630313873e-02
4.264364484697580338e-03 1.769337430596351624e-02
4.313605837523937225e-03 1.752733625471591949e-02
4.363973625004291534e-03 1.740511693060398102e-02
4.356970544904470444e-03 1.736328564584255219e-02
4.349487368017435074e-03 1.747543923556804657e-02
4.329957533627748489e-03 1.727304607629776001e-02
4.360984079539775848e-03 1.746175996959209442e-02
4.210205748677253723e-03 1.783178374171257019e-02
4.303263965994119644e-03 1.718252710998058319e-02
4.372346214950084686e-03 1.781886443495750427e-02
4.314362537115812302e-03 1.737930253148078918e-02
4.336012061685323715e-03 1.740100048482418060e-02
4.268649965524673462e-03 1.711679436266422272e-02
4.258407745510339737e-03 1.747008226811885834e-02
4.423271398991346359e-03 1.797077618539333344e-02
4.258156754076480865e-03 1.775982603430747986e-02
4.234088584780693054e-03 1.732340455055236816e-02
4.291592165827751160e-03 1.753277517855167389e-02
4.285005386918783188e-03 1.747157797217369080e-02
4.222678486257791519e-03 1.716017164289951324e-02
4.281641915440559387e-03 1.734436303377151489e-02
4.313957877457141876e-03 1.758664101362228394e-02
4.342180676758289337e-03 1.819341629743576050e-02
4.230478778481483459e-03 1.730442605912685394e-02
4.249323625117540359e-03 1.753384247422218323e-02
4.322635009884834290e-03 1.733001694083213806e-02
4.306490998715162277e-03 1.711607724428176880e-02
4.259727429598569870e-03 1.735485903918743134e-02
4.305851645767688751e-03 1.738222688436508179e-02
4.236888140439987183e-03 1.766328513622283936e-02
4.442259669303894043e-03 1.755210757255554199e-02
4.230759106576442719e-03 1.725709065794944763e-02
4.265441559255123138e-03 1.774863712489604950e-02
4.289220552891492844e-03 1.764905638992786407e-02
4.465728998184204102e-03 1.751244068145751953e-02
4.357900470495223999e-03 1.745289377868175507e-02
4.384938627481460571e-03 1.794277131557464600e-02
4.340733401477336884e-03 1.751300133764743805e-02
4.208743106573820114e-03 1.771616190671920776e-02
4.425984341651201248e-03 1.763741858303546906e-02
4.305406473577022552e-03 1.738179102540016174e-02
4.441916942596435547e-03 1.741338148713111877e-02
4.298054613173007965e-03 1.708386465907096863e-02
4.237260203808546066e-03 1.767877116799354553e-02
4.137831740081310272e-03 1.717916689813137054e-02
4.292753525078296661e-03 1.750436611473560333e-02
4.403197672218084335e-03 1.754077896475791931e-02
4.225349519401788712e-03 1.760012656450271606e-02
4.275483544915914536e-03 1.723107136785984039e-02
4.349085036665201187e-03 1.762264780700206757e-02
4.340336658060550690e-03 1.744946278631687164e-02
4.218930378556251526e-03 1.748387701809406281e-02
4.258917644619941711e-03 1.756884343922138214e-02
4.249432589858770370e-03 1.732216589152812958e-02
4.176229238510131836e-03 1.709713600575923920e-02
4.217780660837888718e-03 1.747102476656436920e-02
4.285648465156555176e-03 1.740680076181888580e-02
4.297472070902585983e-03 1.764074899256229401e-02
4.273544996976852417e-03 1.747727394104003906e-02
4.288532771170139313e-03 1.728937961161136627e-02
4.320089239627122879e-03 1.723922602832317352e-02
4.367260728031396866e-03 1.719298399984836578e-02
4.206320270895957947e-03 1.729428023099899292e-02
4.224044736474752426e-03 1.732963323593139648e-02
4.291290417313575745e-03 1.720584556460380554e-02
4.221795592457056046e-03 1.756684668362140656e-02
4.334404598921537399e-03 1.709372363984584808e-02
4.234368912875652313e-03 1.772459410130977631e-02
4.321030341088771820e-03 1.723408699035644531e-02
4.301236476749181747e-03 1.761256903409957886e-02
4.213334992527961731e-03 1.758351735770702362e-02
4.260483663529157639e-03 1.678536646068096161e-02
4.243740346282720566e-03 1.696500182151794434e-02
4.200346767902374268e-03 1.694295369088649750e-02
4.336223937571048737e-03 1.742182299494743347e-02
4.219225607812404633e-03 1.768186874687671661e-02
4.239053931087255478e-03 1.749579608440399170e-02
4.266935400664806366e-03 1.704762503504753113e-02
4.377853125333786011e-03 1.744219474494457245e-02
4.308903589844703674e-03 1.742930896580219269e-02
4.377217497676610947e-03 1.771585643291473389e-02
4.290411248803138733e-03 1.708235964179039001e-02
4.212638828903436661e-03 1.711897365748882294e-02
4.290922544896602631e-03 1.689755730330944061e-02
4.255396779626607895e-03 1.697974279522895813e-02
4.270051140338182449e-03 1.723366789519786835e-02
4.229362588375806808e-03 1.738906651735305786e-02
4.296113271266222000e-03 1.725484803318977356e-02
4.226012621074914932e-03 1.692059636116027832e-02
4.383819643408060074e-03 1.724426075816154480e-02
4.314187914133071899e-03 1.726062595844268799e-02
4.256164655089378357e-03 1.731500774621963501e-02
4.331035073846578598e-03 1.735075935721397400e-02
4.211894236505031586e-03 1.697635464370250702e-02
4.230987746268510818e-03 1.704923063516616821e-02
4.309549927711486816e-03 1.736885309219360352e-02
4.232409410178661346e-03 1.711435988545417786e-02
4.355804063379764557e-03 1.689500547945499420e-02
4.270032048225402832e-03 1.770650595426559448e-02
4.308892413973808289e-03 1.756526343524456024e-02
4.226434510201215744e-03 1.719152182340621948e-02
4.174110945314168930e-03 1.707618683576583862e-02
4.269845318049192429e-03 1.765261404216289520e-02
4.152466543018817902e-03 1.698384992778301239e-02
4.199885297566652298e-03 1.698419451713562012e-02
4.238266497850418091e-03 1.736463047564029694e-02
4.160064272582530975e-03 1.749684475362300873e-02
4.213678184896707535e-03 1.703619956970214844e-02
4.301291890442371368e-03 1.709831506013870239e-02
4.234286490827798843e-03 1.731627434492111206e-02
4.283687565475702286e-03 1.724439114332199097e-02
4.328692797571420670e-03 1.731369458138942719e-02
4.174178466200828552e-03 1.736314594745635986e-02
4.232923965901136398e-03 1.761002279818058014e-02
4.404415376484394073e-03 1.740908622741699219e-02
4.303742200136184692e-03 1.713367737829685211e-02
4.342232365161180496e-03 1.751388981938362122e-02
4.144619684666395187e-03 1.689571514725685120e-02
4.276310093700885773e-03 1.739718392491340637e-02
4.280744586139917374e-03 1.721449010074138641e-02
4.262538161128759384e-03 1.713285967707633972e-02
4.255037754774093628e-03 1.689984463155269623e-02
4.193729721009731293e-03 1.686994917690753937e-02
4.196565598249435425e-03 1.732088997960090637e-02
4.293709062039852142e-03 1.755650714039802551e-02
4.194713197648525238e-03 1.730025745928287506e-02
4.194353241473436356e-03 1.726295799016952515e-02
4.248230718076229095e-03 1.744585484266281128e-02
4.311142954975366592e-03 1.718768291175365448e-02
4.187352489680051804e-03 1.706134714186191559e-02
4.358681384474039078e-03 1.707283593714237213e-02
4.212473519146442413e-03 1.746721565723419189e-02
4.270316101610660553e-03 1.730179972946643829e-02
4.233254585415124893e-03 1.702039130032062531e-02
4.227856174111366272e-03 1.716258935630321503e-02
4.258943721652030945e-03 1.724562421441078186e-02
4.122616723179817200e-03 1.733600720763206482e-02
4.169203806668519974e-03 1.727083139121532440e-02
4.377608187496662140e-03 1.741161942481994629e-02
4.239389672875404358e-03 1.735346578061580658e-02
4.209034610539674759e-03 1.695640943944454193e-02
4.138768650591373444e-03 1.724074594676494598e-02
4.293465055525302887e-03 1.767250522971153259e-02
4.278419539332389832e-03 1.702237315475940704e-02
4.194127861410379410e-03 1.737614348530769348e-02
4.441511351615190506e-03 1.730457134544849396e-02
4.245141521096229553e-03 1.697491481900215149e-02
4.221254028379917145e-03 1.753408834338188171e-02
4.125219769775867462e-03 1.719089783728122711e-02
4.217329435050487518e-03 1.721026748418807983e-02
4.204627126455307007e-03 1.718414016067981720e-02
4.159536678344011307e-03 1.698897965252399445e-02
4.169502295553684235e-03 1.685921289026737213e-02
4.222425632178783417e-03 1.721912994980812073e-02
4.256265703588724136e-03 1.742027513682842255e-02
4.288379102945327759e-03 1.758067496120929718e-02
4.284803755581378937e-03 1.672058179974555969e-02
4.291336052119731903e-03 1.707030832767486572e-02
