3.152995109558105469e-01
1.763825267553329468e-01
1.540080457925796509e-01
1.427889615297317505e-01
1.348279714584350586e-01
1.252530813217163086e-01
1.194173991680145264e-01
1.155114993453025818e-01
1.115372627973556519e-01
1.056868582963943481e-01
1.070595830678939819e-01
1.010421663522720337e-01
1.017510667443275452e-01
9.952073544263839722e-02
9.426815807819366455e-02
9.377126395702362061e-02
9.095816314220428467e-02
9.013719856739044189e-02
8.879168331623077393e-02
8.991336077451705933e-02
8.651898801326751709e-02
8.449171483516693115e-02
8.382992446422576904e-02
8.118349313735961914e-02
7.980319857597351074e-02
7.964596152305603027e-02
7.746839523315429688e-02
7.888994365930557251e-02
7.706169784069061279e-02
7.467389106750488281e-02
7.496548444032669067e-02
7.462443411350250244e-02
7.273665070533752441e-02
7.036665081977844238e-02
6.979008018970489502e-02
7.209759950637817383e-02
6.964553147554397583e-02
6.754863262176513672e-02
6.742633134126663208e-02
6.890039145946502686e-02
6.823234260082244873e-02
6.650395691394805908e-02
6.573684513568878174e-02
6.346324831247329712e-02
6.543170660734176636e-02
6.353912502527236938e-02
6.274752318859100342e-02
6.130210310220718384e-02
6.123556569218635559e-02
6.036229431629180908e-02
6.068724766373634338e-02
5.812398344278335571e-02
5.943164974451065063e-02
5.827350169420242310e-02
5.872416496276855469e-02
5.878387391567230225e-02
5.852982401847839355e-02
5.785535648465156555e-02
5.735030770301818848e-02
5.622915551066398621e-02
5.557221546769142151e-02
5.395901203155517578e-02
5.412938445806503296e-02
5.354443937540054321e-02
5.519751459360122681e-02
5.409546196460723877e-02
5.321815609931945801e-02
5.306835472583770752e-02
5.119154229760169983e-02
5.165022611618041992e-02
4.947287589311599731e-02
5.198037624359130859e-02
5.110748112201690674e-02
5.095486715435981750e-02
4.783170297741889954e-02
5.057717114686965942e-02
4.872100427746772766e-02
4.838467389345169067e-02
4.809528961777687073e-02
4.800457134842872620e-02
4.822080954909324646e-02
4.763915389776229858e-02
4.703940823674201965e-02
4.666089266538619995e-02
4.683524370193481445e-02
4.692799225449562073e-02
4.820944741368293762e-02
4.459311440587043762e-02
4.456872493028640747e-02
4.397649690508842468e-02
4.347440972924232483e-02
4.493047669529914856e-02
4.540262743830680847e-02
4.413186013698577881e-02
4.309720546007156372e-02
4.377865046262741089e-02
4.348234459757804871e-02
4.385546967387199402e-02
4.262966290116310120e-02
4.210831969976425171e-02
4.135935008525848389e-02
4.259982332587242126e-02
4.404821246862411499e-02
4.138129949569702148e-02
4.183888435363769531e-02
4.206719249486923218e-02
4.113357886672019958e-02
4.119174927473068237e-02
4.017141461372375488e-02
4.015372693538665771e-02
3.982863575220108032e-02
3.958763927221298218e-02
3.958110138773918152e-02
3.932771831750869751e-02
3.983310610055923462e-02
3.896926343441009521e-02
3.946883976459503174e-02
3.839731961488723755e-02
3.902194648981094360e-02
3.949233144521713257e-02
3.793540224432945251e-02
3.731308877468109131e-02
3.850664570927619934e-02
3.775973990559577942e-02
3.810499235987663269e-02
3.692353144288063049e-02
3.801847249269485474e-02
3.838189691305160522e-02
3.727746382355690002e-02
3.806741908192634583e-02
3.764367476105690002e-02
3.671905398368835449e-02
3.621789813041687012e-02
3.585170581936836243e-02
3.502880036830902100e-02
3.488969057798385620e-02
3.627938032150268555e-02
3.513647615909576416e-02
3.633028268814086914e-02
3.558323532342910767e-02
3.433379530906677246e-02
3.560790047049522400e-02
3.511820361018180847e-02
3.339005634188652039e-02
3.492864966392517090e-02
3.407730907201766968e-02
3.408889099955558777e-02
3.354511037468910217e-02
3.439768031239509583e-02
3.249330073595046997e-02
3.396160155534744263e-02
3.342278301715850830e-02
3.374226018786430359e-02
3.254400566220283508e-02
3.339060768485069275e-02
3.285491466522216797e-02
3.287182748317718506e-02
3.226009011268615723e-02
3.179483488202095032e-02
3.201081976294517517e-02
3.228087723255157471e-02
3.135498985648155212e-02
3.237960487604141235e-02
3.351383283734321594e-02
3.164375573396682739e-02
3.151881694793701172e-02
3.157612308859825134e-02
3.204803913831710815e-02
3.097569197416305542e-02
3.107367642223834991e-02
3.075052425265312195e-02
3.062837757170200348e-02
3.049711324274539948e-02
3.142950311303138733e-02
2.992566302418708801e-02
3.094794042408466339e-02
3.000782430171966553e-02
3.056713193655014038e-02
2.985963597893714905e-02
3.010603785514831543e-02
3.013672307133674622e-02
3.010744787752628326e-02
2.980413660407066345e-02
2.912588603794574738e-02
2.952078916132450104e-02
2.976870536804199219e-02
2.946185134351253510e-02
2.921064198017120361e-02
2.956345491111278534e-02
2.918919920921325684e-02
2.787844836711883545e-02
2.954898215830326080e-02
2.964228019118309021e-02
2.958915755152702332e-02
2.954948320984840393e-02
2.893015183508396149e-02
2.797989547252655029e-02
2.716734819114208221e-02
2.728805691003799438e-02
2.845348604023456573e-02
2.449365332722663879e-02
2.408926188945770264e-02
2.387712150812149048e-02
2.344206348061561584e-02
2.416467107832431793e-02
2.319793030619621277e-02
2.336461842060089111e-02
2.395932003855705261e-02
2.318222820758819580e-02
2.324572950601577759e-02
2.337235584855079651e-02
2.357658557593822479e-02
2.305961214005947113e-02
2.322806976735591888e-02
2.328113093972206116e-02
2.302288822829723358e-02
2.305331826210021973e-02
2.336317487061023712e-02
2.281614765524864197e-02
2.303603291511535645e-02
2.299509756267070770e-02
2.323796972632408142e-02
2.285884879529476166e-02
2.246200479567050934e-02
2.250571921467781067e-02
2.227943018078804016e-02
2.271062880754470825e-02
2.216042019426822662e-02
2.307913079857826233e-02
2.265346236526966095e-02
2.224482595920562744e-02
2.251757495105266571e-02
2.491477318108081818e-02
2.274044416844844818e-02
2.298159711062908173e-02
2.290975116193294525e-02
2.293702960014343262e-02
2.206439338624477386e-02
2.275330014526844025e-02
2.196192741394042969e-02
2.206901833415031433e-02
2.185512147843837738e-02
2.178999781608581543e-02
2.165685221552848816e-02
2.204537950456142426e-02
2.170319668948650360e-02
2.165355905890464783e-02
2.147808670997619629e-02
2.174814790487289429e-02
2.135079912841320038e-02
2.134034223854541779e-02
2.163731865584850311e-02
2.135440893471240997e-02
2.168860472738742828e-02
2.154230698943138123e-02
2.184237353503704071e-02
2.121222019195556641e-02
2.129104547202587128e-02
2.180603332817554474e-02
2.185489423573017120e-02
2.152404002845287323e-02
2.205232344567775726e-02
2.159587852656841278e-02
2.125068753957748413e-02
2.147231809794902802e-02
2.074789628386497498e-02
2.107664942741394043e-02
2.135259844362735748e-02
2.063546702265739441e-02
1.996692642569541931e-02
2.060442045331001282e-02
2.099697850644588470e-02
2.031943574547767639e-02
2.065454237163066864e-02
2.047068998217582703e-02
2.027988992631435394e-02
2.109128981828689575e-02
2.074406854808330536e-02
2.038231492042541504e-02
2.094681560993194580e-02
2.059060707688331604e-02
2.031770348548889160e-02
2.013007737696170807e-02
2.091193571686744690e-02
2.039236389100551605e-02
2.032324112951755524e-02
2.034454792737960815e-02
2.046356350183486938e-02
1.990419067442417145e-02
2.073720842599868774e-02
2.039327844977378845e-02
2.067146822810173035e-02
1.976579613983631134e-02
1.979180611670017242e-02
1.929689943790435791e-02
2.052894234657287598e-02
1.953816227614879608e-02
2.111219614744186401e-02
1.992389000952243805e-02
1.985915564000606537e-02
2.009525522589683533e-02
2.059457823634147644e-02
1.984012685716152191e-02
2.034061588346958160e-02
2.049854211509227753e-02
1.970151066780090332e-02
1.983689144253730774e-02
1.963854394853115082e-02
1.966561190783977509e-02
1.980430632829666138e-02
1.885422691702842712e-02
1.940725743770599365e-02
1.962138339877128601e-02
1.920237205922603607e-02
1.923075504601001740e-02
1.939056999981403351e-02
1.946825534105300903e-02
1.988106220960617065e-02
1.964089274406433105e-02
1.916158758103847504e-02
1.911471039056777954e-02
1.958534680306911469e-02
1.980976201593875885e-02
1.961750723421573639e-02
1.925762370228767395e-02
1.926735974848270416e-02
1.921061798930168152e-02
1.932021230459213257e-02
1.922631077468395233e-02
1.939855329692363739e-02
1.935384608805179596e-02
1.913632266223430634e-02
1.841308921575546265e-02
1.881224662065505981e-02
2.006906829774379730e-02
1.900259219110012054e-02
1.895145140588283539e-02
1.889070495963096619e-02
1.857973262667655945e-02
1.867731660604476929e-02
1.906039565801620483e-02
1.875590533018112183e-02
1.867242157459259033e-02
1.882932893931865692e-02
1.904368028044700623e-02
1.781821437180042267e-02
1.929328776895999908e-02
1.828924939036369324e-02
1.819053478538990021e-02
1.841598749160766602e-02
1.840829476714134216e-02
1.920713111758232117e-02
1.905649900436401367e-02
1.890795677900314331e-02
1.816718280315399170e-02
1.793079264461994171e-02
1.849634386599063873e-02
1.793676428496837616e-02
1.858565583825111389e-02
1.800974458456039429e-02
1.792434975504875183e-02
1.823470368981361389e-02
1.826246455311775208e-02
1.816350221633911133e-02
1.812623441219329834e-02
1.788305304944515228e-02
1.764378137886524200e-02
1.819053478538990021e-02
1.812651008367538452e-02
1.759198494255542755e-02
1.806739531457424164e-02
1.791457086801528931e-02
1.842082478106021881e-02
1.808309182524681091e-02
1.796202361583709717e-02
1.795791462063789368e-02
1.805004477500915527e-02
1.739358715713024139e-02
1.752567663788795471e-02
1.839504018425941467e-02
1.832760125398635864e-02
1.752505265176296234e-02
1.776085980236530304e-02
1.785235665738582611e-02
1.766499131917953491e-02
1.710042729973793030e-02
1.765936240553855896e-02
1.738736405968666077e-02
1.724987849593162537e-02
1.777998171746730804e-02
1.736179925501346588e-02
1.743254624307155609e-02
1.736929453909397125e-02
1.670792326331138611e-02
1.708356291055679321e-02
1.722031645476818085e-02
1.707576401531696320e-02
1.773092336952686310e-02
1.709603518247604370e-02
1.727149076759815216e-02
1.573430188000202179e-02
1.551087386906147003e-02
1.514843478798866272e-02
1.508539449423551559e-02
1.557245757430791855e-02
1.482920069247484207e-02
1.484714262187480927e-02
1.505191344767808914e-02
1.528025791049003601e-02
1.533485483378171921e-02
1.510334294289350510e-02
1.498469803482294083e-02
1.523760892450809479e-02
1.507715135812759399e-02
1.534790359437465668e-02
1.496253628283739090e-02
1.491473149508237839e-02
1.464760676026344299e-02
1.501597464084625244e-02
1.459178235381841660e-02
1.500899530947208405e-02
1.476470567286014557e-02
1.479058712720870972e-02
1.479367353022098541e-02
1.444174069911241531e-02
1.487911120057106018e-02
1.497258618474006653e-02
1.490560173988342285e-02
1.531835924834012985e-02
1.484391652047634125e-02
1.487968768924474716e-02
1.498086377978324890e-02
1.513509731739759445e-02
1.458842959254980087e-02
1.446766965091228485e-02
1.493977569043636322e-02
1.469740457832813263e-02
1.448305509984493256e-02
1.496371068060398102e-02
1.469021290540695190e-02
1.463065017014741898e-02
1.435635611414909363e-02
1.442334800958633423e-02
1.461102999746799469e-02
1.496468670666217804e-02
1.456345338374376297e-02
1.453197933733463287e-02
1.423853728920221329e-02
1.466032397001981735e-02
1.480467431247234344e-02
1.471522171050310135e-02
1.447696145623922348e-02
1.420501898974180222e-02
1.526530459523200989e-02
1.494869776070117950e-02
1.497198641300201416e-02
1.479047909379005432e-02
1.458513364195823669e-02
1.448801346123218536e-02
1.439201273024082184e-02
1.469998899847269058e-02
1.425522007048130035e-02
1.430892106145620346e-02
1.488163787871599197e-02
1.486363727599382401e-02
1.487000472843647003e-02
1.443893276154994965e-02
1.421390194445848465e-02
1.485175639390945435e-02
1.434002630412578583e-02
1.407749205827713013e-02
1.449613552540540695e-02
1.398966182023286819e-02
1.430067792534828186e-02
1.458919327706098557e-02
1.450882479548454285e-02
1.418626680970191956e-02
1.410154812037944794e-02
1.415387541055679321e-02
1.439575105905532837e-02
1.429188624024391174e-02
1.447419449687004089e-02
1.411094143986701965e-02
1.421600952744483948e-02
1.417650096118450165e-02
1.406027469784021378e-02
1.417808607220649719e-02
1.447529345750808716e-02
1.432807371020317078e-02
1.463576219975948334e-02
1.436421833932399750e-02
1.423076540231704712e-02
1.452522352337837219e-02
1.372425630688667297e-02
1.414793543517589569e-02
1.406747661530971527e-02
1.447049062699079514e-02
1.416609901934862137e-02
1.412146538496017456e-02
1.458766497671604156e-02
1.401218492537736893e-02
1.415377669036388397e-02
1.408857665956020355e-02
1.418794505298137665e-02
1.452176645398139954e-02
1.443014480173587799e-02
1.445277221500873566e-02
1.396212540566921234e-02
1.428497210144996643e-02
1.373030059039592743e-02
1.390259712934494019e-02
1.401965878903865814e-02
1.421553362160921097e-02
1.348391175270080566e-02
1.392299309372901917e-02
1.350772194564342499e-02
1.391183678060770035e-02
1.384955085813999176e-02
1.383856590837240219e-02
1.369468122720718384e-02
1.360388472676277161e-02
1.374043989926576614e-02
1.390363834798336029e-02
1.374852098524570465e-02
1.391876209527254105e-02
1.377606485038995743e-02
1.355337537825107574e-02
1.384242344647645950e-02
1.380544248968362808e-02
1.428779400885105133e-02
1.381759718060493469e-02
1.370018254965543747e-02
1.357991620898246765e-02
1.389500498771667480e-02
1.354331709444522858e-02
1.375498156994581223e-02
1.356117986142635345e-02
1.360952015966176987e-02
1.393394358456134796e-02
1.362422388046979904e-02
1.406951528042554855e-02
1.376708038151264191e-02
1.367264986038208008e-02
1.385821122676134109e-02
1.350125856697559357e-02
1.380892377346754074e-02
1.350239478051662445e-02
1.370784826576709747e-02
1.366160809993743896e-02
1.392037793993949890e-02
1.382854301482439041e-02
1.384341716766357422e-02
1.362900901585817337e-02
1.372727379202842712e-02
1.341135147958993912e-02
1.344185415655374527e-02
1.360490731894969940e-02
1.385083049535751343e-02
1.371662691235542297e-02
1.353156007826328278e-02
1.385014783591032028e-02
1.343315653502941132e-02
1.341830566525459290e-02
1.332217175513505936e-02
1.350498199462890625e-02
1.339266169816255569e-02
1.367733348160982132e-02
1.323804445564746857e-02
1.361836306750774384e-02
1.321327779442071915e-02
1.306512765586376190e-02
1.325573865324258804e-02
1.356370467692613602e-02
1.326339785009622574e-02
1.321451179683208466e-02
1.307534612715244293e-02
1.369736716151237488e-02
1.349922828376293182e-02
1.368300803005695343e-02
1.324209757149219513e-02
1.345545798540115356e-02
1.338390074670314789e-02
1.340091042220592499e-02
1.322209835052490234e-02
1.325855031609535217e-02
1.368057541549205780e-02
1.315447781234979630e-02
1.306171063333749771e-02
1.345317624509334564e-02
1.293322164565324783e-02
1.327302493155002594e-02
1.307443063706159592e-02
1.310697011649608612e-02
1.306205615401268005e-02
1.304637361317873001e-02
1.335022039711475372e-02
1.288738474249839783e-02
1.323203928768634796e-02
1.310137845575809479e-02
1.309084892272949219e-02
1.227425690740346909e-02
1.252534333616495132e-02
1.228012889623641968e-02
1.283379457890987396e-02
1.222082413733005524e-02
1.247982773929834366e-02
1.229792553931474686e-02
1.235359441488981247e-02
1.229464076459407806e-02
1.252183225005865097e-02
1.209729444235563278e-02
1.223480049520730972e-02
1.234161481261253357e-02
1.227812282741069794e-02
1.220804452896118164e-02
1.202471926808357239e-02
1.215535029768943787e-02
1.226610690355300903e-02
1.209783367812633514e-02
1.213639322668313980e-02
1.191506907343864441e-02
1.229035481810569763e-02
1.208817493170499802e-02
1.231066044420003891e-02
1.206628046929836273e-02
1.215770468115806580e-02
1.190952956676483154e-02
1.190734747797250748e-02
1.209887489676475525e-02
1.210333965718746185e-02
1.236117910593748093e-02
1.204109005630016327e-02
1.190293766558170319e-02
1.219633221626281738e-02
1.189067494124174118e-02
1.179128699004650116e-02
1.195595134049654007e-02
1.216909661889076233e-02
1.187453605234622955e-02
1.225910056382417679e-02
1.182108093053102493e-02
1.224286109209060669e-02
1.208021305501461029e-02
1.179519295692443848e-02
1.211517956107854843e-02
1.214053574949502945e-02
1.212741155177354813e-02
1.222371682524681091e-02
1.229864452034235001e-02
1.198391057550907135e-02
1.225586794316768646e-02
1.212009973824024200e-02
1.194323971867561340e-02
1.191211584955453873e-02
1.211559493094682693e-02
1.203094143420457840e-02
1.200113631784915924e-02
1.184538472443819046e-02
1.199180725961923599e-02
1.227692328393459320e-02
1.198134198784828186e-02
1.183856278657913208e-02
1.186542026698589325e-02
1.174763496965169907e-02
1.182396337389945984e-02
1.158061623573303223e-02
1.187350787222385406e-02
1.170554012060165405e-02
1.206883136183023453e-02
1.214301958680152893e-02
1.207496225833892822e-02
1.196873281151056290e-02
1.176735758781433105e-02
1.179304067045450211e-02
1.197490096092224121e-02
1.196029130369424820e-02
1.176767051219940186e-02
1.177722960710525513e-02
1.198488287627696991e-02
1.187401078641414642e-02
1.217578537762165070e-02
1.162730157375335693e-02
1.193233486264944077e-02
1.225745957344770432e-02
1.171798817813396454e-02
1.184104755520820618e-02
1.154099218547344208e-02
1.176935061812400818e-02
1.196908205747604370e-02
1.181396935135126114e-02
1.199651136994361877e-02
1.168364100158214569e-02
1.220450550317764282e-02
1.188152935355901718e-02
1.181042753159999847e-02
1.180110499262809753e-02
1.166243106126785278e-02
1.196209900081157684e-02
1.192045677453279495e-02
1.203271094709634781e-02
1.208360958844423294e-02
1.213311310857534409e-02
1.201480347663164139e-02
1.174656581133604050e-02
1.168741658329963684e-02
1.188656128942966461e-02
1.205318234860897064e-02
1.184608042240142822e-02
1.171788107603788376e-02
1.165697164833545685e-02
1.182394754141569138e-02
1.194120664149522781e-02
1.180103048682212830e-02
1.160547509789466858e-02
1.186014153063297272e-02
1.156309247016906738e-02
1.207910943776369095e-02
1.160622015595436096e-02
1.163703855127096176e-02
1.180174387991428375e-02
1.164782233536243439e-02
1.153126731514930725e-02
1.162418536841869354e-02
1.155610196292400360e-02
1.209280267357826233e-02
1.157306227833032608e-02
1.141609810292720795e-02
1.172933354973793030e-02
1.182200759649276733e-02
1.174531318247318268e-02
1.160633657127618790e-02
1.187492534518241882e-02
1.187748927623033524e-02
1.193636562675237656e-02
1.184735260903835297e-02
1.150346733629703522e-02
1.144805178046226501e-02
1.140031777322292328e-02
1.146410685032606125e-02
1.168954744935035706e-02
1.145466044545173645e-02
1.168848294764757156e-02
1.176404301077127457e-02
1.173012051731348038e-02
1.159342937171459198e-02
1.148381456732749939e-02
1.183550339192152023e-02
1.192018669098615646e-02
1.185612194240093231e-02
1.167798414826393127e-02
1.179981511086225510e-02
1.142580807209014893e-02
1.143437437713146210e-02
1.128649339079856873e-02
1.162995491176843643e-02
1.167670451104640961e-02
1.142706163227558136e-02
1.179492473602294922e-02
1.196404360234737396e-02
1.171282492578029633e-02
1.163091510534286499e-02
1.170009002089500427e-02
1.155873667448759079e-02
1.169716846197843552e-02
1.132390182465314865e-02
1.146029867231845856e-02
1.134531106799840927e-02
1.154538150876760483e-02
1.161589566618204117e-02
1.163188554346561432e-02
1.164518855512142181e-02
1.145823206752538681e-02
1.158177293837070465e-02
1.166771911084651947e-02
1.151516102254390717e-02
1.163333095610141754e-02
1.187033671885728836e-02
1.164849102497100830e-02
1.171416416764259338e-02
1.152132079005241394e-02
1.140474714338779449e-02
1.153499353677034378e-02
1.163794286549091339e-02
1.164894551038742065e-02
1.146911829710006714e-02
1.151161734014749527e-02
1.150405779480934143e-02
1.161114871501922607e-02
1.143768616020679474e-02
1.139152329415082932e-02
1.135192625224590302e-02
1.172234211117029190e-02
1.124773733317852020e-02
1.150181982666254044e-02
1.125609688460826874e-02
1.161788590252399445e-02
1.115332823246717453e-02
1.172252465039491653e-02
1.147010177373886108e-02
1.175196282565593719e-02
1.115200575441122055e-02
1.105239056050777435e-02
1.092480216175317764e-02
1.111577264964580536e-02
1.097486913204193115e-02
1.088659930974245071e-02
1.085331663489341736e-02
1.108058821409940720e-02
1.091119647026062012e-02
1.108173653483390808e-02
1.115542184561491013e-02
1.118761487305164337e-02
1.095763873308897018e-02
1.098048686981201172e-02
1.120689138770103455e-02
1.124086230993270874e-02
1.067936420440673828e-02
1.087836269289255142e-02
1.087649632245302200e-02
1.105942204594612122e-02
1.113973464816808701e-02
1.112523581832647324e-02
1.087626814842224121e-02
1.144939009100198746e-02
1.086751464754343033e-02
1.106171868741512299e-02
1.094284467399120331e-02
1.101684197783470154e-02
1.120598986744880676e-02
1.110370270907878876e-02
1.106006652116775513e-02
1.098970882594585419e-02
1.098816934973001480e-02
1.102422829717397690e-02
1.094895508140325546e-02
1.093144156038761139e-02
1.089023426175117493e-02
1.103248260915279388e-02
1.099949795752763748e-02
1.095983199775218964e-02
1.101566944271326065e-02
1.078588329255580902e-02
1.097886916249990463e-02
1.092047058045864105e-02
1.088454574346542358e-02
1.086012832820415497e-02
1.091246306896209717e-02
1.080150157213211060e-02
1.091137155890464783e-02
1.102099474519491196e-02
1.074289530515670776e-02
1.109560579061508179e-02
1.084683276712894440e-02
1.086850650608539581e-02
1.069272216409444809e-02
1.086424477398395538e-02
1.119702402502298355e-02
1.100899092853069305e-02
1.077874656766653061e-02
1.091218367218971252e-02
1.087829191237688065e-02
1.069142483174800873e-02
1.081300247460603714e-02
1.095029897987842560e-02
1.126779802143573761e-02
1.076745241880416870e-02
1.089158281683921814e-02
1.082632597535848618e-02
1.071128435432910919e-02
1.080729346722364426e-02
1.084403879940509796e-02
1.095008663833141327e-02
1.099718362092971802e-02
1.074392534792423248e-02
1.100703887641429901e-02
1.096913870424032211e-02
1.098908483982086182e-02
1.090539712458848953e-02
1.116385497152805328e-02
1.092686690390110016e-02
1.096245273947715759e-02
1.103170122951269150e-02
1.084359921514987946e-02
1.092764921486377716e-02
1.069095917046070099e-02
1.095801591873168945e-02
1.065849885344505310e-02
1.089856028556823730e-02
1.097198855131864548e-02
1.091273780912160873e-02
1.075327768921852112e-02
1.098586618900299072e-02
1.089490018784999847e-02
1.085140369832515717e-02
1.091388054192066193e-02
1.078579947352409363e-02
1.063668262213468552e-02
1.084440294653177261e-02
1.084622461348772049e-02
1.096911076456308365e-02
1.087540946900844574e-02
1.078895665705204010e-02
1.077965740114450455e-02
1.078012213110923767e-02
1.075030025094747543e-02
1.077683921903371811e-02
1.074856799095869064e-02
1.089432090520858765e-02
1.071406435221433640e-02
1.097948104143142700e-02
1.077755913138389587e-02
1.095690298825502396e-02
1.089842617511749268e-02
1.052292529493570328e-02
1.060437131673097610e-02
1.057165022939443588e-02
1.087902300059795380e-02
1.095054671168327332e-02
1.086742524057626724e-02
1.065728068351745605e-02
1.091002393513917923e-02
1.086910627782344818e-02
1.104653719812631607e-02
1.068638544529676437e-02
1.066580601036548615e-02
1.059423945844173431e-02
1.061757002025842667e-02
1.075185928493738174e-02
1.080921478569507599e-02
1.077548041939735413e-02
1.057330425828695297e-02
1.081403996795415878e-02
1.078740693628787994e-02
1.078558620065450668e-02
1.084089744836091995e-02
1.059412397444248199e-02
1.064010895788669586e-02
1.083920150995254517e-02
1.067338511347770691e-02
1.062540523707866669e-02
1.098826900124549866e-02
1.093707792460918427e-02
1.070897839963436127e-02
1.062514912337064743e-02
1.096122991293668747e-02
1.056815870106220245e-02
1.059203967452049255e-02
1.080144848674535751e-02
1.082845404744148254e-02
1.062493864446878433e-02
1.069980300962924957e-02
1.077528018504381180e-02
1.076403912156820297e-02
1.082119345664978027e-02
1.076866220682859421e-02
1.092147361487150192e-02
1.090675033628940582e-02
1.071870978921651840e-02
1.092806085944175720e-02
1.052016764879226685e-02
1.083674654364585876e-02
1.074761711061000824e-02
1.069769915193319321e-02
1.057744119316339493e-02
1.053183898329734802e-02
1.075872778892517090e-02
1.092510856688022614e-02
1.074748486280441284e-02
1.072865538299083710e-02
1.084704324603080750e-02
1.074941270053386688e-02
1.062435004860162735e-02
1.071575842797756195e-02
1.083984412252902985e-02
1.078605838119983673e-02
1.062682271003723145e-02
1.069522276520729065e-02
1.075228396803140640e-02
1.072931196540594101e-02
1.072001736611127853e-02
1.089461334049701691e-02
1.079642772674560547e-02
1.058272179216146469e-02
1.068975776433944702e-02
1.098298467695713043e-02
1.065039634704589844e-02
1.078513544052839279e-02
1.087304111570119858e-02
1.061002817004919052e-02
1.087767072021961212e-02
1.065805926918983459e-02
1.071379892528057098e-02
1.069438364356756210e-02
1.057425793260335922e-02
1.051435805857181549e-02
1.072077825665473938e-02
1.083827018737792969e-02
1.093452703207731247e-02
1.050269231200218201e-02
1.068082265555858612e-02
