9.470091462135314941e-01
9.032375812530517578e-01
7.937274575233459473e-01
7.542217373847961426e-01
7.438291311264038086e-01
6.764746904373168945e-01
6.477152705192565918e-01
6.032046675682067871e-01
5.865429043769836426e-01
5.300549864768981934e-01
4.733348190784454346e-01
5.218262672424316406e-01
4.406644403934478760e-01
4.281446933746337891e-01
4.059773683547973633e-01
4.436236321926116943e-01
4.264971315860748291e-01
3.893397152423858643e-01
3.634489178657531738e-01
3.465991616249084473e-01
3.075674474239349365e-01
2.810805141925811768e-01
3.637234866619110107e-01
2.993414998054504395e-01
2.986628413200378418e-01
2.745738327503204346e-01
2.501855492591857910e-01
2.776089310646057129e-01
3.041478395462036133e-01
2.929274737834930420e-01
2.649550735950469971e-01
2.670958042144775391e-01
2.504601478576660156e-01
2.473485320806503296e-01
2.307239025831222534e-01
2.470470964908599854e-01
1.888133138418197632e-01
2.753975987434387207e-01
2.259558290243148804e-01
2.200980633497238159e-01
1.736143380403518677e-01
1.967832744121551514e-01
2.089867144823074341e-01
2.021709084510803223e-01
1.818515509366989136e-01
1.649443358182907104e-01
1.785421222448348999e-01
1.361515820026397705e-01
1.541473716497421265e-01
1.756736636161804199e-01
1.995241045951843262e-01
2.224355936050415039e-01
2.690420448780059814e-01
2.149770110845565796e-01
1.972273886203765869e-01
1.953498721122741699e-01
1.594679951667785645e-01
1.988400816917419434e-01
1.821073740720748901e-01
1.590705066919326782e-01
1.665867567062377930e-01
1.379713416099548340e-01
1.554037034511566162e-01
1.297910511493682861e-01
1.410170495510101318e-01
1.461859047412872314e-01
1.836526244878768921e-01
1.265456378459930420e-01
2.060183137655258179e-01
1.509299874305725098e-01
1.758141517639160156e-01
2.033774107694625854e-01
1.741279512643814087e-01
1.370604038238525391e-01
1.571496278047561646e-01
1.609010249376296997e-01
1.417550444602966309e-01
1.462140232324600220e-01
1.411880403757095337e-01
2.161570191383361816e-01
1.873196512460708618e-01
2.560507059097290039e-01
2.378502339124679565e-01
1.619002968072891235e-01
1.976719796657562256e-01
1.693155616521835327e-01
1.777007728815078735e-01
1.631325185298919678e-01
1.280027627944946289e-01
2.036615908145904541e-01
1.548078656196594238e-01
2.286695390939712524e-01
2.444685548543930054e-01
2.116966247558593750e-01
2.096689343452453613e-01
2.112774848937988281e-01
1.736283153295516968e-01
1.980159431695938110e-01
2.597900331020355225e-01
1.722323000431060791e-01
2.078817486763000488e-01
2.090683728456497192e-01
1.773183196783065796e-01
2.184525877237319946e-01
1.927538216114044189e-01
1.541840881109237671e-01
1.558362245559692383e-01
1.704880744218826294e-01
1.371005475521087646e-01
1.659807115793228149e-01
1.635986715555191040e-01
1.917900890111923218e-01
1.987230628728866577e-01
1.600309461355209351e-01
1.469595730304718018e-01
1.805587261915206909e-01
1.807650774717330933e-01
1.843529939651489258e-01
1.916590332984924316e-01
1.513744890689849854e-01
1.356633454561233521e-01
1.797196567058563232e-01
1.651617586612701416e-01
1.734960228204727173e-01
1.403009742498397827e-01
1.733532696962356567e-01
1.381154507398605347e-01
1.215308979153633118e-01
1.602054685354232788e-01
1.141171082854270935e-01
1.294538378715515137e-01
1.498423665761947632e-01
1.905568093061447144e-01
1.640402674674987793e-01
1.863740831613540649e-01
1.655906587839126587e-01
1.823921203613281250e-01
1.382598131895065308e-01
1.756240725517272949e-01
1.417255103588104248e-01
1.848307400941848755e-01
2.130126506090164185e-01
1.182181313633918762e-01
1.817902326583862305e-01
1.962649971246719360e-01
1.002115607261657715e-01
1.690200120210647583e-01
1.731368005275726318e-01
1.099585816264152527e-01
1.414432823657989502e-01
1.720610707998275757e-01
1.263009011745452881e-01
9.700179845094680786e-02
1.638580858707427979e-01
1.261931359767913818e-01
1.384279578924179077e-01
1.412635445594787598e-01
1.173081472516059875e-01
1.349693685770034790e-01
1.310365051031112671e-01
1.283228993415832520e-01
1.698212474584579468e-01
1.247221380472183228e-01
1.105022057890892029e-01
1.121184304356575012e-01
1.322826743125915527e-01
1.041574105620384216e-01
1.220742389559745789e-01
1.075024008750915527e-01
1.050399541854858398e-01
8.564539998769760132e-02
1.014760062098503113e-01
6.720664352178573608e-02
7.351563125848770142e-02
8.661673218011856079e-02
9.089760482311248779e-02
9.212532639503479004e-02
9.450814127922058105e-02
7.913814485073089600e-02
1.060968413949012756e-01
7.366409152746200562e-02
1.141031682491302490e-01
1.029802709817886353e-01
8.428010344505310059e-02
8.443438261747360229e-02
1.027977466583251953e-01
8.290486037731170654e-02
1.066992431879043579e-01
8.297997713088989258e-02
8.424284309148788452e-02
1.221184805035591125e-01
8.109310269355773926e-02
1.109991967678070068e-01
9.146106988191604614e-02
9.165702015161514282e-02
1.053084656596183777e-01
1.041778400540351868e-01
1.128521561622619629e-01
1.018737778067588806e-01
9.473990648984909058e-02
1.239886432886123657e-01
8.665350079536437988e-02
8.159580826759338379e-02
7.897577434778213501e-02
7.105647027492523193e-02
5.699693039059638977e-02
7.759113609790802002e-02
7.690713554620742798e-02
6.615659594535827637e-02
7.358923554420471191e-02
7.255312055349349976e-02
7.190311700105667114e-02
6.222916394472122192e-02
8.021114766597747803e-02
8.002626895904541016e-02
7.605948299169540405e-02
6.891798973083496094e-02
7.850869745016098022e-02
7.072719931602478027e-02
5.934675037860870361e-02
8.668596297502517700e-02
6.554617732763290405e-02
8.270522207021713257e-02
7.424512505531311035e-02
5.945054069161415100e-02
6.407070159912109375e-02
7.509981840848922729e-02
5.789210274815559387e-02
5.687450990080833435e-02
6.326652318239212036e-02
5.432555079460144043e-02
7.018356025218963623e-02
1.099949926137924194e-01
7.897977530956268311e-02
8.863516896963119507e-02
8.749963343143463135e-02
1.254540681838989258e-01
1.049248427152633667e-01
6.432387232780456543e-02
1.368397623300552368e-01
1.103515774011611938e-01
9.982910007238388062e-02
6.685101985931396484e-02
1.048145070672035217e-01
1.059480682015419006e-01
8.272787183523178101e-02
7.675912231206893921e-02
9.754006564617156982e-02
8.106744289398193359e-02
6.616846472024917603e-02
8.954723924398422241e-02
1.095626577734947205e-01
9.646483510732650757e-02
6.591424345970153809e-02
9.564027935266494751e-02
6.979905813932418823e-02
6.322073936462402344e-02
6.300002336502075195e-02
7.521024346351623535e-02
7.200847566127777100e-02
7.828600704669952393e-02
5.852495878934860229e-02
5.521200969815254211e-02
5.874761193990707397e-02
5.937799811363220215e-02
5.652656406164169312e-02
5.390460416674613953e-02
5.828283354640007019e-02
5.190883949398994446e-02
4.544543474912643433e-02
6.882830709218978882e-02
5.398678407073020935e-02
4.929797723889350891e-02
6.602421402931213379e-02
5.196184292435646057e-02
4.829697310924530029e-02
5.344200879335403442e-02
7.462260127067565918e-02
6.018900126218795776e-02
5.760956555604934692e-02
6.541077047586441040e-02
8.574300259351730347e-02
6.095917150378227234e-02
4.867468774318695068e-02
6.771738827228546143e-02
5.729700624942779541e-02
5.725161358714103699e-02
5.567384138703346252e-02
6.970886141061782837e-02
7.313767075538635254e-02
5.494907498359680176e-02
5.007974803447723389e-02
5.188490822911262512e-02
5.059000849723815918e-02
4.943990707397460938e-02
6.800249218940734863e-02
7.099553942680358887e-02
4.823961481451988220e-02
5.081300809979438782e-02
5.631001666188240051e-02
9.945034980773925781e-02
8.087973296642303467e-02
1.136296987533569336e-01
8.459711819887161255e-02
5.678723379969596863e-02
7.401807606220245361e-02
8.220982551574707031e-02
5.773384124040603638e-02
7.197449356317520142e-02
7.666756957769393921e-02
9.345380961894989014e-02
6.510932743549346924e-02
7.015482336282730103e-02
8.374331891536712646e-02
7.250982522964477539e-02
6.777022033929824829e-02
9.648718684911727905e-02
9.762223064899444580e-02
5.809770151972770691e-02
5.165356770157814026e-02
7.317212969064712524e-02
6.473549455404281616e-02
6.725411117076873779e-02
4.834449663758277893e-02
5.200900882482528687e-02
5.232194438576698303e-02
4.556330293416976929e-02
4.965497925877571106e-02
4.665134102106094360e-02
5.074989423155784607e-02
6.032624840736389160e-02
5.758186802268028259e-02
4.493002593517303467e-02
5.918039754033088684e-02
4.951808601617813110e-02
4.626717045903205872e-02
5.073388665914535522e-02
6.511412560939788818e-02
9.340975433588027954e-02
4.289133474230766296e-02
4.905948787927627563e-02
5.811418965458869934e-02
5.856578424572944641e-02
4.989394918084144592e-02
4.651317745447158813e-02
4.751297831535339355e-02
7.121463865041732788e-02
4.942660778760910034e-02
5.660463869571685791e-02
4.302690178155899048e-02
4.223275929689407349e-02
3.542702645063400269e-02
4.376588761806488037e-02
5.067726597189903259e-02
4.581981524825096130e-02
4.571718350052833557e-02
6.203927844762802124e-02
6.955517828464508057e-02
8.360636979341506958e-02
6.423639506101608276e-02
6.230999529361724854e-02
6.646167486906051636e-02
5.953150987625122070e-02
7.555891573429107666e-02
5.553221330046653748e-02
6.831485778093338013e-02
8.520326018333435059e-02
7.097725570201873779e-02
6.926333159208297729e-02
8.249789476394653320e-02
8.777874708175659180e-02
6.812568753957748413e-02
6.605665385723114014e-02
6.218711286783218384e-02
7.257748395204544067e-02
6.466803699731826782e-02
7.538563758134841919e-02
6.106954440474510193e-02
5.655158683657646179e-02
6.285775452852249146e-02
4.568184539675712585e-02
4.025021940469741821e-02
4.236729070544242859e-02
4.727836325764656067e-02
5.241874232888221741e-02
6.593356281518936157e-02
4.745212569832801819e-02
6.560704112052917480e-02
5.171846598386764526e-02
5.987013876438140869e-02
4.949673637747764587e-02
6.492419540882110596e-02
6.627974659204483032e-02
7.970035821199417114e-02
5.295754596590995789e-02
5.935017392039299011e-02
4.547977447509765625e-02
6.221652776002883911e-02
4.603261873126029968e-02
4.846223443746566772e-02
5.519970506429672241e-02
4.781133681535720825e-02
4.579658806324005127e-02
6.011342257261276245e-02
6.129932403564453125e-02
6.617793440818786621e-02
4.903281852602958679e-02
7.573458552360534668e-02
4.704994708299636841e-02
3.668861091136932373e-02
5.790469050407409668e-02
4.998851194977760315e-02
4.570330679416656494e-02
4.398820921778678894e-02
4.824120923876762390e-02
4.191717505455017090e-02
4.490367695689201355e-02
4.648061469197273254e-02
6.092659756541252136e-02
6.519367545843124390e-02
7.594858109951019287e-02
6.949576735496520996e-02
5.238752439618110657e-02
4.074649140238761902e-02
4.718947038054466248e-02
3.529680147767066956e-02
3.582269698381423950e-02
3.777451440691947937e-02
3.892312943935394287e-02
5.329835787415504456e-02
4.434247687458992004e-02
4.505523666739463806e-02
4.003264382481575012e-02
4.010637477040290833e-02
3.643286228179931641e-02
4.859469830989837646e-02
3.288400173187255859e-02
3.536591306328773499e-02
4.339822009205818176e-02
4.775441065430641174e-02
3.809233382344245911e-02
4.624792188405990601e-02
5.513048917055130005e-02
3.909343853592872620e-02
3.621445596218109131e-02
5.324591696262359619e-02
5.752865597605705261e-02
4.420384392142295837e-02
3.909909725189208984e-02
4.172536730766296387e-02
7.824433594942092896e-02
6.958365440368652344e-02
7.705239206552505493e-02
4.793537780642509460e-02
4.823662713170051575e-02
5.182373523712158203e-02
5.867704749107360840e-02
5.081577599048614502e-02
4.712332785129547119e-02
4.569021612405776978e-02
4.889085516333580017e-02
4.351580142974853516e-02
4.127241298556327820e-02
3.634237498044967651e-02
4.402996972203254700e-02
4.072128981351852417e-02
3.511827066540718079e-02
3.994555771350860596e-02
3.756227716803550720e-02
3.412195667624473572e-02
3.172309324145317078e-02
3.449866548180580139e-02
3.791991621255874634e-02
3.539466485381126404e-02
3.130069002509117126e-02
4.519253969192504883e-02
3.663086518645286560e-02
3.673868253827095032e-02
3.246496990323066711e-02
3.637456148862838745e-02
4.996847733855247498e-02
4.102307185530662537e-02
3.446643799543380737e-02
3.208784386515617371e-02
4.370447248220443726e-02
3.603210672736167908e-02
5.020719021558761597e-02
2.637536823749542236e-02
3.418781235814094543e-02
3.332972899079322815e-02
2.772642113268375397e-02
2.860032767057418823e-02
3.491930663585662842e-02
6.141074374318122864e-02
3.920013085007667542e-02
4.034669697284698486e-02
3.919705376029014587e-02
3.711393103003501892e-02
3.861760348081588745e-02
3.273270651698112488e-02
