8.969525098800659180e-01
8.246585726737976074e-01
6.331012248992919922e-01
5.707960724830627441e-01
5.724637508392333984e-01
4.576217532157897949e-01
4.280448853969573975e-01
3.652212321758270264e-01
3.475148677825927734e-01
2.811718285083770752e-01
2.241922914981842041e-01
2.764753699302673340e-01
1.943368762731552124e-01
1.845904737710952759e-01
1.712377369403839111e-01
2.103800922632217407e-01
1.819842755794525146e-01
1.543954163789749146e-01
1.418251693248748779e-01
1.201334819197654724e-01
9.462585300207138062e-02
7.905329018831253052e-02
1.365449279546737671e-01
9.072924405336380005e-02
9.166363626718521118e-02
7.930922508239746094e-02
6.573037058115005493e-02
7.808782160282135010e-02
9.387262165546417236e-02
8.597656339406967163e-02
7.369013875722885132e-02
8.484578132629394531e-02
6.278944015502929688e-02
6.118221580982208252e-02
5.463542789220809937e-02
6.378464400768280029e-02
3.604292869567871094e-02
7.662084698677062988e-02
5.146769434213638306e-02
5.443334579467773438e-02
3.210145980119705200e-02
3.912895172834396362e-02
4.367938637733459473e-02
4.126592352986335754e-02
3.445716574788093567e-02
2.738123014569282532e-02
3.232283890247344971e-02
1.901188679039478302e-02
2.464390359818935394e-02
3.415762633085250854e-02
4.289297387003898621e-02
5.045966058969497681e-02
7.305560261011123657e-02
5.685007199645042419e-02
4.172958806157112122e-02
4.224038869142532349e-02
2.773402631282806396e-02
3.971261903643608093e-02
3.346682339906692505e-02
2.658754959702491760e-02
2.868581190705299377e-02
2.057945914566516876e-02
2.503095194697380066e-02
1.735611632466316223e-02
1.990940980613231659e-02
2.143484912812709808e-02
4.218712821602821350e-02
1.610933430492877960e-02
4.959755763411521912e-02
2.295488119125366211e-02
3.091217018663883209e-02
4.219016060233116150e-02
3.116360865533351898e-02
2.050966396927833557e-02
2.477715723216533661e-02
2.602254413068294525e-02
2.058843336999416351e-02
2.284317649900913239e-02
2.458397485315799713e-02
6.136633828282356262e-02
3.523684665560722351e-02
6.613557040691375732e-02
5.664551258087158203e-02
2.703146263957023621e-02
3.915948793292045593e-02
2.898097410798072815e-02
3.235933557152748108e-02
2.765409089624881744e-02
1.693162322044372559e-02
5.825990065932273865e-02
2.408880554139614105e-02
5.237017944455146790e-02
6.203771010041236877e-02
4.574550315737724304e-02
4.397872462868690491e-02
4.483270645141601562e-02
3.152098879218101501e-02
3.943843021988868713e-02
8.087190240621566772e-02
3.037337772548198700e-02
4.691582918167114258e-02
4.378227517008781433e-02
3.177090734243392944e-02
4.825517907738685608e-02
3.830870613455772400e-02
2.427387237548828125e-02
2.435499243438243866e-02
2.909551747143268585e-02
2.038607187569141388e-02
3.022385761141777039e-02
2.695909701287746429e-02
3.678961843252182007e-02
3.967253863811492920e-02
2.587187662720680237e-02
2.211938425898551941e-02
3.577321395277976990e-02
3.325552120804786682e-02
3.973207995295524597e-02
3.675916790962219238e-02
2.414068020880222321e-02
1.840695179998874664e-02
3.304260596632957458e-02
3.179439157247543335e-02
3.339148685336112976e-02
2.024746686220169067e-02
3.011864423751831055e-02
1.956686563789844513e-02
1.481505203992128372e-02
2.607054263353347778e-02
1.509108021855354309e-02
2.057038992643356323e-02
2.270793356001377106e-02
3.704914823174476624e-02
2.709366381168365479e-02
4.470937699079513550e-02
2.778461761772632599e-02
3.476754203438758850e-02
2.451167628169059753e-02
4.214056208729743958e-02
2.069648727774620056e-02
3.416723385453224182e-02
4.566710814833641052e-02
1.420327089726924896e-02
3.507025539875030518e-02
3.999166563153266907e-02
1.004242151975631714e-02
2.875849418342113495e-02
3.370349481701850891e-02
1.213933806866407394e-02
2.003518305718898773e-02
2.995994873344898224e-02
1.729230582714080811e-02
9.874308481812477112e-03
2.971627935767173767e-02
1.614102162420749664e-02
1.944711618125438690e-02
1.995749585330486298e-02
1.473294384777545929e-02
2.437328919768333435e-02
1.768339611589908600e-02
1.858876086771488190e-02
2.891267091035842896e-02
1.761986874043941498e-02
1.369455642998218536e-02
1.258389186114072800e-02
1.894167624413967133e-02
1.094516180455684662e-02
1.493762154132127762e-02
1.163286250084638596e-02
1.135972421616315842e-02
7.573585957288742065e-03
1.047818362712860107e-02
4.516732878983020782e-03
5.613422486931085587e-03
7.668151985853910446e-03
9.421780705451965332e-03
8.824279531836509705e-03
8.932928554713726044e-03
6.277464795857667923e-03
1.232980936765670776e-02
5.494190845638513565e-03
1.350508257746696472e-02
1.170376036316156387e-02
7.645255886018276215e-03
7.152824662625789642e-03
1.406730525195598602e-02
7.022171281278133392e-03
1.221487019211053848e-02
7.038127165287733078e-03
7.127231918275356293e-03
1.546785235404968262e-02
6.675175856798887253e-03
1.301884464919567108e-02
8.504141122102737427e-03
8.666026405990123749e-03
1.256816368550062180e-02
1.205487735569477081e-02
1.278044376522302628e-02
1.044585183262825012e-02
9.254254400730133057e-03
1.538817398250102997e-02
8.768700994551181793e-03
6.888689938932657242e-03
6.339710205793380737e-03
5.104504991322755814e-03
3.253235481679439545e-03
7.258063182234764099e-03
9.448498487472534180e-03
4.640559665858745575e-03
6.966338958591222763e-03
5.316324066370725632e-03
5.335228051990270615e-03
4.367761779576539993e-03
6.697902455925941467e-03
7.459750398993492126e-03
7.810937240719795227e-03
4.756542854011058807e-03
7.535299751907587051e-03
5.002340767532587051e-03
3.704114118590950966e-03
9.562396444380283356e-03
4.586425609886646271e-03
7.785904686897993088e-03
6.486741825938224792e-03
3.795760683715343475e-03
4.333900753408670425e-03
5.937105044722557068e-03
3.536005271598696709e-03
3.442010143771767616e-03
4.110839683562517166e-03
2.985391998663544655e-03
6.437152158468961716e-03
1.555457711219787598e-02
8.297362364828586578e-03
1.064260862767696381e-02
7.703673560172319412e-03
1.585420407354831696e-02
1.176449563354253769e-02
4.523378331214189529e-03
1.874902471899986267e-02
1.218163780868053436e-02
9.967052377760410309e-03
5.165656562894582748e-03
1.104580331593751907e-02
1.261179707944393158e-02
7.610050961375236511e-03
6.239551585167646408e-03
9.775905869901180267e-03
6.668007466942071915e-03
4.497042391449213028e-03
8.565063588321208954e-03
1.233869045972824097e-02
9.570735506713390350e-03
6.010401993989944458e-03
9.165994822978973389e-03
4.873015452176332474e-03
4.061434417963027954e-03
4.184733610600233078e-03
5.722976289689540863e-03
7.199601735919713974e-03
6.703833583742380142e-03
3.638637717813253403e-03
3.072648774832487106e-03
3.504520049318671227e-03
3.537025535479187965e-03
3.264120547100901604e-03
2.905878704041242599e-03
3.886754624545574188e-03
3.343963064253330231e-03
2.129347762092947960e-03
6.012506317347288132e-03
3.432780038565397263e-03
2.893618540838360786e-03
5.873631220310926437e-03
2.850623335689306259e-03
3.045723307877779007e-03
2.920208498835563660e-03
5.657182540744543076e-03
3.847537329420447350e-03
3.401795169338583946e-03
4.339133854955434799e-03
9.245856665074825287e-03
4.256616346538066864e-03
2.696664305403828621e-03
5.592214874923229218e-03
4.050245042890310287e-03
4.141280893236398697e-03
3.143407404422760010e-03
5.033979192376136780e-03
5.391750484704971313e-03
3.101781941950321198e-03
2.788940910249948502e-03
3.467940026894211769e-03
2.800906309857964516e-03
2.715775510296225548e-03
4.803942050784826279e-03
5.131358280777931213e-03
2.330007264390587807e-03
2.626213943585753441e-03
3.420352237299084663e-03
1.476729661226272583e-02
6.652677431702613831e-03
1.296913810074329376e-02
7.250043097883462906e-03
3.343643154948949814e-03
5.691740661859512329e-03
6.760566961020231247e-03
3.565030638128519058e-03
6.791963707655668259e-03
5.890469532459974289e-03
9.214305318892002106e-03
4.921409767121076584e-03
5.940428469330072403e-03
7.245816290378570557e-03
5.597860086709260941e-03
4.605694208294153214e-03
9.343108162283897400e-03
1.088220626115798950e-02
3.380495356395840645e-03
2.735017333179712296e-03
5.364970769733190536e-03
4.201096948236227036e-03
4.957505967468023300e-03
2.408391796052455902e-03
2.996104769408702850e-03
3.060664050281047821e-03
2.248627599328756332e-03
2.918840851634740829e-03
2.267005853354930878e-03
2.838163170963525772e-03
3.793339710682630539e-03
3.973156679421663284e-03
2.372835064306855202e-03
3.509364556521177292e-03
2.637232886627316475e-03
2.713140798732638359e-03
2.687612548470497131e-03
4.408054985105991364e-03
1.130655128508806229e-02
1.870143110863864422e-03
2.459797309711575508e-03
3.383670933544635773e-03
3.965168725699186325e-03
2.532498911023139954e-03
2.855973085388541222e-03
2.833714708685874939e-03
6.657409481704235077e-03
2.535072155296802521e-03
3.599587595090270042e-03
2.016917802393436432e-03
1.870674896053969860e-03
1.259698881767690182e-03
2.309547038748860359e-03
2.777861664071679115e-03
2.450149040669202805e-03
2.407238120213150978e-03
6.656823214143514633e-03
5.110774189233779907e-03
7.055906113237142563e-03
4.957436118274927139e-03
4.201414529234170914e-03
4.417273215949535370e-03
3.660799935460090637e-03
8.064792491495609283e-03
3.450869116932153702e-03
4.987834952771663666e-03
7.646438665688037872e-03
5.041631404310464859e-03
6.087770685553550720e-03
6.894882768392562866e-03
7.803006563335657120e-03
4.651039373129606247e-03
4.745672922581434250e-03
3.901653224602341652e-03
7.291205693036317825e-03
4.336686804890632629e-03
5.707236472517251968e-03
3.803961211815476418e-03
3.315471811220049858e-03
4.249457269906997681e-03
2.089118352159857750e-03
1.720839994959533215e-03
1.804257044568657875e-03
2.236031694337725639e-03
3.249415429309010506e-03
5.195864476263523102e-03
2.404975937679409981e-03
4.534220322966575623e-03
2.819657325744628906e-03
4.549779463559389114e-03
2.538657514378428459e-03
4.218847025185823441e-03
4.743775818496942520e-03
6.774948444217443466e-03
3.332739463075995445e-03
4.472808446735143661e-03
2.085648477077484131e-03
4.729465581476688385e-03
2.192507032305002213e-03
2.381241181865334511e-03
3.047013888135552406e-03
2.788779791444540024e-03
2.446197904646396637e-03
3.682385664433240891e-03
3.797721117734909058e-03
4.394332412630319595e-03
2.427047817036509514e-03
1.025700662285089493e-02
2.453027060255408287e-03
1.362590352073311806e-03
3.622988704591989517e-03
2.519451314583420753e-03
2.327324356883764267e-03
1.953328959643840790e-03
2.552967285737395287e-03
1.820719917304813862e-03
2.912388416007161140e-03
2.348555251955986023e-03
3.910414408892393112e-03
4.310900811105966568e-03
5.884110927581787109e-03
5.815331358462572098e-03
2.978535369038581848e-03
2.164721023291349411e-03
2.252939157187938690e-03
1.266644452698528767e-03
1.347032492049038410e-03
1.540149212814867496e-03
1.666296855546534061e-03
4.119903314858675003e-03
2.726462669670581818e-03
2.049832371994853020e-03
1.972747966647148132e-03
1.838855328969657421e-03
1.746668131090700626e-03
3.367329249158501625e-03
1.556252711452543736e-03
1.443811110220849514e-03
2.023247769102454185e-03
2.337747253477573395e-03
1.490208203904330730e-03
2.879152772948145866e-03
3.838230622932314873e-03
1.702133100479841232e-03
1.558414194732904434e-03
3.010419430211186409e-03
3.434833372011780739e-03
1.971709541976451874e-03
1.528777298517525196e-03
1.760178711265325546e-03
1.201562117785215378e-02
7.955791428685188293e-03
7.122977636754512787e-03
2.370781730860471725e-03
2.647778717800974846e-03
3.054820699617266655e-03
3.587982850149273872e-03
2.985651139169931412e-03
2.328435657545924187e-03
2.129360800608992577e-03
2.450970001518726349e-03
2.079858677461743355e-03
1.827674452215433121e-03
1.523138838820159435e-03
2.593702636659145355e-03
2.121986122801899910e-03
1.374478219076991081e-03
1.671309699304401875e-03
1.498760539107024670e-03
1.357749453745782375e-03
1.103493501432240009e-03
1.320567214861512184e-03
1.579582341946661472e-03
1.704517984762787819e-03
1.230099704116582870e-03
2.805661642923951149e-03
1.437942497432231903e-03
1.353285973891615868e-03
1.058982103131711483e-03
1.325580407865345478e-03
3.111129393801093102e-03
1.711564604192972183e-03
1.274107256904244423e-03
1.039808965288102627e-03
1.969349337741732597e-03
1.449599862098693848e-03
3.170428099110722542e-03
7.937545306049287319e-04
1.262506819330155849e-03
1.408204785548150539e-03
8.223348413594067097e-04
9.358405950479209423e-04
1.394748222082853317e-03
4.836953710764646530e-03
1.660816487856209278e-03
2.013282384723424911e-03
1.603810931555926800e-03
1.403163303621113300e-03
1.534050330519676208e-03
1.131810829974710941e-03
