1.778742408752441406e+01
5.764414787292480469e+00
2.231023550033569336e+00
1.219255328178405762e+00
9.294902682304382324e-01
8.870723843574523926e-01
8.975455760955810547e-01
9.070088863372802734e-01
9.100840687751770020e-01
9.045725464820861816e-01
8.920616507530212402e-01
8.871961832046508789e-01
8.823361396789550781e-01
8.813810944557189941e-01
8.816415071487426758e-01
8.817213773727416992e-01
8.814374804496765137e-01
8.816335201263427734e-01
8.810499310493469238e-01
8.805813789367675781e-01
8.797494173049926758e-01
8.783479928970336914e-01
8.770874142646789551e-01
8.741652965545654297e-01
8.707904815673828125e-01
8.656495809555053711e-01
8.591620326042175293e-01
8.496136069297790527e-01
8.402891755104064941e-01
8.373386263847351074e-01
8.293923735618591309e-01
8.392449021339416504e-01
8.357391357421875000e-01
8.174151778221130371e-01
8.040971755981445312e-01
8.013333082199096680e-01
7.945156097412109375e-01
7.868184447288513184e-01
7.777799963951110840e-01
7.637990713119506836e-01
7.515727281570434570e-01
7.466739416122436523e-01
7.400615811347961426e-01
7.231167554855346680e-01
7.158407568931579590e-01
7.014227509498596191e-01
6.989355683326721191e-01
6.990107297897338867e-01
6.722407937049865723e-01
6.568305492401123047e-01
6.567562818527221680e-01
6.524269580841064453e-01
6.277840137481689453e-01
6.212837696075439453e-01
5.988770127296447754e-01
5.683332681655883789e-01
6.042199134826660156e-01
5.682869553565979004e-01
5.695744156837463379e-01
5.999077558517456055e-01
5.503979325294494629e-01
5.151196718215942383e-01
5.436317920684814453e-01
4.883085191249847412e-01
4.672483801841735840e-01
4.582590758800506592e-01
4.470658004283905029e-01
4.344110488891601562e-01
4.259832799434661865e-01
4.283631145954132080e-01
4.014648497104644775e-01
4.007176458835601807e-01
3.776418268680572510e-01
3.831234574317932129e-01
3.755956888198852539e-01
3.872620463371276855e-01
3.771644830703735352e-01
3.508390188217163086e-01
3.410823941230773926e-01
3.246220648288726807e-01
3.414382338523864746e-01
3.082451224327087402e-01
3.007802069187164307e-01
3.125504851341247559e-01
3.123443424701690674e-01
3.696341812610626221e-01
4.184531271457672119e-01
3.658438622951507568e-01
3.346026837825775146e-01
3.648830056190490723e-01
2.979234457015991211e-01
3.049925267696380615e-01
2.729428410530090332e-01
2.908089458942413330e-01
2.818311750888824463e-01
2.385387867689132690e-01
2.523014247417449951e-01
2.433311492204666138e-01
2.302488833665847778e-01
2.191833108663558960e-01
2.564266920089721680e-01
2.142751365900039673e-01
2.318895459175109863e-01
1.915027201175689697e-01
2.196210175752639771e-01
2.318306416273117065e-01
2.296894490718841553e-01
2.551407516002655029e-01
1.966791003942489624e-01
2.314942181110382080e-01
2.248548716306686401e-01
1.959180235862731934e-01
1.905204802751541138e-01
1.808708608150482178e-01
1.922329813241958618e-01
2.363259643316268921e-01
2.140286266803741455e-01
1.738014966249465942e-01
1.995824277400970459e-01
1.639906913042068481e-01
2.051204741001129150e-01
1.578326374292373657e-01
1.988173723220825195e-01
1.535818129777908325e-01
1.676981300115585327e-01
1.677579283714294434e-01
1.428987830877304077e-01
1.334855556488037109e-01
1.342671811580657959e-01
1.352259814739227295e-01
1.695266067981719971e-01
1.614970713853836060e-01
1.346562206745147705e-01
1.368543952703475952e-01
1.691088229417800903e-01
1.209323480725288391e-01
1.243179738521575928e-01
1.710411757230758667e-01
1.635674983263015747e-01
1.301960051059722900e-01
1.385610699653625488e-01
1.528241038322448730e-01
1.721154898405075073e-01
1.416147351264953613e-01
1.540853381156921387e-01
1.712041646242141724e-01
1.319378018379211426e-01
1.541996896266937256e-01
1.559385210275650024e-01
1.456122696399688721e-01
1.624296009540557861e-01
1.285625696182250977e-01
1.221799626946449280e-01
1.237009689211845398e-01
1.558375358581542969e-01
1.288046836853027344e-01
2.098350822925567627e-01
1.724068224430084229e-01
2.047961801290512085e-01
2.043020427227020264e-01
1.664303541183471680e-01
1.626675426959991455e-01
1.501906365156173706e-01
1.590054929256439209e-01
1.834811121225357056e-01
1.434373557567596436e-01
1.481461375951766968e-01
1.180644109845161438e-01
1.466361582279205322e-01
1.292583644390106201e-01
2.770010530948638916e-01
2.321723401546478271e-01
2.882221043109893799e-01
1.795792430639266968e-01
1.603342443704605103e-01
1.390082538127899170e-01
1.597297936677932739e-01
1.229239776730537415e-01
1.606144756078720093e-01
1.799098104238510132e-01
2.070120126008987427e-01
1.515386849641799927e-01
1.744400858879089355e-01
1.895012408494949341e-01
1.680362373590469360e-01
1.454745531082153320e-01
2.024028003215789795e-01
1.716976612806320190e-01
1.640591621398925781e-01
1.535715013742446899e-01
1.348386108875274658e-01
1.318202912807464600e-01
1.272216290235519409e-01
1.080823466181755066e-01
1.313651204109191895e-01
1.423588693141937256e-01
1.016707569360733032e-01
1.504511833190917969e-01
1.543220430612564087e-01
1.786831170320510864e-01
