6.592679619789123535e-01
5.532160401344299316e-01
3.577930629253387451e-01
2.600033879280090332e-01
2.102294415235519409e-01
1.877073943614959717e-01
1.802760660648345947e-01
1.786336749792098999e-01
1.795715689659118652e-01
1.806100010871887207e-01
1.812087148427963257e-01
1.827277988195419312e-01
1.837833374738693237e-01
1.845664232969284058e-01
1.851401031017303467e-01
1.854173988103866577e-01
1.854345053434371948e-01
1.854495704174041748e-01
1.851921975612640381e-01
1.849414855241775513e-01
1.846536546945571899e-01
1.841880828142166138e-01
1.835219562053680420e-01
1.825610399246215820e-01
1.813064366579055786e-01
1.794994771480560303e-01
1.769348829984664917e-01
1.731063127517700195e-01
1.680120378732681274e-01
1.620988696813583374e-01
1.549577414989471436e-01
1.507352739572525024e-01
1.481106728315353394e-01
1.490097641944885254e-01
1.524065434932708740e-01
1.583284884691238403e-01
1.601432114839553833e-01
1.591906994581222534e-01
1.554485708475112915e-01
1.489544659852981567e-01
1.437902301549911499e-01
1.425020843744277954e-01
1.382478475570678711e-01
1.375099271535873413e-01
1.370075941085815430e-01
1.396229267120361328e-01
1.414595246315002441e-01
1.422234922647476196e-01
1.346694529056549072e-01
1.298020780086517334e-01
1.266243755817413330e-01
1.301024407148361206e-01
1.350711286067962646e-01
1.380722522735595703e-01
1.300815492868423462e-01
1.187814548611640930e-01
1.213715672492980957e-01
1.177738234400749207e-01
1.260854899883270264e-01
1.418190747499465942e-01
1.261906176805496216e-01
1.124036535620689392e-01
1.177930831909179688e-01
1.070978790521621704e-01
1.045765280723571777e-01
1.027538105845451355e-01
1.014797911047935486e-01
9.893695265054702759e-02
9.848957508802413940e-02
1.026011332869529724e-01
9.569352120161056519e-02
9.267830848693847656e-02
8.834483474493026733e-02
9.186576306819915771e-02
9.224048256874084473e-02
9.739839285612106323e-02
9.362234175205230713e-02
9.082108736038208008e-02
9.109894186258316040e-02
8.459600061178207397e-02
8.311340957880020142e-02
8.116225153207778931e-02
7.951830327510833740e-02
7.896356284618377686e-02
8.261440694332122803e-02
9.587620943784713745e-02
1.160066202282905579e-01
1.118910685181617737e-01
1.013739332556724548e-01
1.092219054698944092e-01
8.827175945043563843e-02
9.919677674770355225e-02
8.354251086711883545e-02
8.307315409183502197e-02
8.336963504552841187e-02
7.545746117830276489e-02
8.067043125629425049e-02
7.456608861684799194e-02
7.337722182273864746e-02
7.082744687795639038e-02
8.387245982885360718e-02
7.102436572313308716e-02
7.347303628921508789e-02
6.283862888813018799e-02
6.801182776689529419e-02
7.590560615062713623e-02
7.684392482042312622e-02
8.165682107210159302e-02
6.886715441942214966e-02
7.934129983186721802e-02
7.650173455476760864e-02
6.963424384593963623e-02
6.976430118083953857e-02
6.605124473571777344e-02
7.242016494274139404e-02
7.673746347427368164e-02
8.709362894296646118e-02
7.148402184247970581e-02
7.884258776903152466e-02
6.402758508920669556e-02
8.895733207464218140e-02
6.694468855857849121e-02
8.447082340717315674e-02
6.263953447341918945e-02
7.752579450607299805e-02
6.742598116397857666e-02
5.941913649439811707e-02
5.811170861124992371e-02
5.763071775436401367e-02
5.764834955334663391e-02
6.944720447063446045e-02
6.443941593170166016e-02
5.797683820128440857e-02
6.132934615015983582e-02
6.591065227985382080e-02
5.438125133514404297e-02
5.428653582930564880e-02
6.249590963125228882e-02
5.668187886476516724e-02
6.011262536048889160e-02
6.051810458302497864e-02
7.091914862394332886e-02
6.226569041609764099e-02
7.074423879384994507e-02
6.760840117931365967e-02
7.427797466516494751e-02
5.670074000954627991e-02
6.305605918169021606e-02
6.979878991842269897e-02
6.649329513311386108e-02
6.984239816665649414e-02
6.103443354368209839e-02
5.763017013669013977e-02
6.167176365852355957e-02
7.074610143899917603e-02
6.092789769172668457e-02
7.248476892709732056e-02
7.011799514293670654e-02
7.193574309349060059e-02
8.323098719120025635e-02
6.659009307622909546e-02
7.341653108596801758e-02
6.964008510112762451e-02
6.772571802139282227e-02
7.394306361675262451e-02
6.444790959358215332e-02
6.488377600908279419e-02
5.856701731681823730e-02
6.208215281367301941e-02
6.020177528262138367e-02
7.092665135860443115e-02
6.700495630502700806e-02
7.805124670267105103e-02
6.583273410797119141e-02
7.125338912010192871e-02
7.123581320047378540e-02
8.002839237451553345e-02
6.212421879172325134e-02
7.056486606597900391e-02
8.857079595327377319e-02
7.302840054035186768e-02
7.136643677949905396e-02
7.046400755643844604e-02
7.514701783657073975e-02
7.279790192842483521e-02
6.858646124601364136e-02
8.000715076923370361e-02
7.305202633142471313e-02
7.391865551471710205e-02
8.075129240751266479e-02
6.338336318731307983e-02
6.707115471363067627e-02
6.942629814147949219e-02
5.788662284612655640e-02
6.994693726301193237e-02
7.018291205167770386e-02
6.001637503504753113e-02
7.991532236337661743e-02
6.633089482784271240e-02
9.535379707813262939e-02
