3.862977325916290283e-01 9.971532821655273438e-01
2.391235381364822388e-01 7.365103960037231445e-01
2.100616097450256348e-01 6.749684214591979980e-01
1.880885362625122070e-01 6.590000391006469727e-01
1.914332211017608643e-01 6.446466445922851562e-01
1.706146001815795898e-01 6.144673228263854980e-01
1.747259348630905151e-01 6.009729504585266113e-01
1.715804338455200195e-01 5.857092142105102539e-01
1.527442783117294312e-01 5.848878026008605957e-01
1.559136509895324707e-01 5.825471878051757812e-01
1.527996063232421875e-01 5.673242211341857910e-01
1.484697312116622925e-01 5.418758392333984375e-01
1.458592265844345093e-01 5.475284457206726074e-01
1.384426355361938477e-01 5.473629236221313477e-01
1.266631484031677246e-01 5.231718420982360840e-01
1.365436315536499023e-01 5.127387642860412598e-01
1.342957466840744019e-01 5.108265876770019531e-01
1.293574124574661255e-01 5.130955576896667480e-01
1.217389777302742004e-01 5.008617043495178223e-01
1.192217618227005005e-01 5.189135670661926270e-01
1.300532668828964233e-01 5.192223191261291504e-01
1.172892898321151733e-01 4.890199601650238037e-01
1.124040484428405762e-01 4.840541779994964600e-01
1.177878156304359436e-01 4.741262793540954590e-01
1.228702142834663391e-01 4.871709346771240234e-01
1.194944083690643311e-01 4.798884689807891846e-01
1.301187276840209961e-01 4.777387380599975586e-01
1.169634535908699036e-01 4.799147248268127441e-01
1.194432452321052551e-01 4.578555226325988770e-01
1.176149398088455200e-01 4.769606590270996094e-01
1.185320839285850525e-01 4.731558859348297119e-01
1.152116581797599792e-01 4.579170048236846924e-01
1.124916076660156250e-01 4.562581181526184082e-01
1.228031143546104431e-01 4.626858830451965332e-01
1.219057738780975342e-01 4.494338333606719971e-01
1.138336434960365295e-01 4.619067907333374023e-01
1.199599578976631165e-01 4.847638607025146484e-01
1.070014163851737976e-01 4.417680799961090088e-01
1.084173247218132019e-01 4.622855186462402344e-01
1.141980513930320740e-01 4.475141763687133789e-01
1.174570024013519287e-01 4.506923556327819824e-01
1.028934791684150696e-01 4.493862092494964600e-01
1.098702177405357361e-01 4.394390285015106201e-01
1.185277774930000305e-01 4.516876041889190674e-01
1.098306104540824890e-01 4.386010468006134033e-01
1.135103106498718262e-01 4.405238628387451172e-01
1.056892275810241699e-01 4.363642930984497070e-01
1.064110919833183289e-01 4.468847513198852539e-01
1.100886017084121704e-01 4.503242373466491699e-01
1.065012738108634949e-01 4.282806217670440674e-01
1.044777408242225647e-01 4.299042224884033203e-01
1.021712720394134521e-01 4.273451566696166992e-01
1.088687926530838013e-01 4.354729950428009033e-01
1.115134805440902710e-01 4.357288777828216553e-01
1.040304750204086304e-01 4.304969310760498047e-01
1.039186567068099976e-01 4.176821410655975342e-01
9.927108883857727051e-02 4.256398081779479980e-01
1.099565252661705017e-01 4.318666458129882812e-01
9.686882793903350830e-02 4.122392833232879639e-01
1.098123416304588318e-01 4.380945861339569092e-01
1.056549549102783203e-01 4.296752214431762695e-01
9.839547425508499146e-02 4.107118844985961914e-01
1.003952026367187500e-01 4.163236320018768311e-01
1.056477427482604980e-01 4.221323728561401367e-01
1.067259982228279114e-01 4.118412733078002930e-01
1.001783162355422974e-01 4.165408015251159668e-01
1.017019003629684448e-01 4.204073250293731689e-01
1.034434437751770020e-01 4.109161794185638428e-01
1.007335036993026733e-01 4.164348542690277100e-01
1.071133390069007874e-01 4.084326624870300293e-01
1.056548431515693665e-01 4.077946543693542480e-01
1.038831621408462524e-01 4.029631018638610840e-01
9.898048639297485352e-02 3.965153098106384277e-01
1.042426377534866333e-01 4.035946130752563477e-01
9.860319644212722778e-02 4.029884636402130127e-01
9.765692800283432007e-02 3.991605043411254883e-01
1.098562702536582947e-01 4.145234823226928711e-01
1.017379388213157654e-01 4.085710048675537109e-01
9.712369740009307861e-02 3.940462768077850342e-01
9.865964204072952271e-02 4.021032452583312988e-01
9.736989438533782959e-02 3.993513286113739014e-01
9.979800879955291748e-02 4.008435308933258057e-01
1.007407307624816895e-01 4.012089669704437256e-01
1.005007550120353699e-01 3.991933763027191162e-01
1.042108908295631409e-01 3.981865942478179932e-01
9.751465171575546265e-02 3.903718590736389160e-01
9.390946477651596069e-02 3.904231190681457520e-01
9.605465829372406006e-02 3.860682249069213867e-01
9.861571341753005981e-02 3.978483378887176514e-01
9.524647891521453857e-02 3.925314843654632568e-01
1.048897728323936462e-01 3.883891105651855469e-01
1.053019762039184570e-01 3.818882703781127930e-01
1.099645495414733887e-01 3.977929353713989258e-01
1.015290170907974243e-01 3.929733633995056152e-01
1.005571112036705017e-01 3.954595327377319336e-01
9.794881939888000488e-02 3.915290534496307373e-01
9.789066761732101440e-02 3.877836763858795166e-01
1.044547185301780701e-01 3.957369625568389893e-01
9.902435541152954102e-02 3.798955380916595459e-01
1.003359556198120117e-01 3.795723319053649902e-01
1.034754067659378052e-01 3.970972597599029541e-01
9.621439129114151001e-02 3.893721699714660645e-01
1.051636561751365662e-01 3.937214910984039307e-01
9.507494419813156128e-02 3.879953622817993164e-01
9.830826520919799805e-02 3.847109377384185791e-01
9.410553425550460815e-02 3.827194869518280029e-01
9.083070605993270874e-02 3.813303112983703613e-01
9.407553821802139282e-02 3.717650473117828369e-01
9.740924835205078125e-02 3.791574537754058838e-01
9.875146299600601196e-02 3.724636435508728027e-01
9.947355091571807861e-02 3.715603351593017578e-01
9.495940059423446655e-02 3.695925176143646240e-01
9.726876765489578247e-02 3.735333085060119629e-01
9.660504758358001709e-02 3.704935908317565918e-01
9.252887219190597534e-02 3.656021654605865479e-01
9.569162875413894653e-02 3.706454932689666748e-01
8.680941164493560791e-02 3.738629519939422607e-01
9.351783245801925659e-02 3.735356032848358154e-01
9.633819758892059326e-02 3.763190805912017822e-01
9.813028573989868164e-02 3.895942866802215576e-01
9.043588489294052124e-02 3.735045492649078369e-01
9.832794219255447388e-02 3.730618059635162354e-01
9.719783067703247070e-02 3.687770068645477295e-01
9.138628840446472168e-02 3.686213195323944092e-01
9.252728521823883057e-02 3.636720776557922363e-01
9.186770766973495483e-02 3.594295382499694824e-01
8.731499314308166504e-02 3.629485070705413818e-01
1.000950634479522705e-01 3.692297935485839844e-01
9.421177953481674194e-02 3.654659390449523926e-01
9.785438328981399536e-02 3.797879517078399658e-01
9.415251761674880981e-02 3.643610179424285889e-01
9.328199923038482666e-02 3.737023472785949707e-01
9.514757245779037476e-02 3.627778589725494385e-01
8.919754624366760254e-02 3.686077594757080078e-01
9.103416651487350464e-02 3.662897050380706787e-01
1.021292060613632202e-01 3.696464896202087402e-01
9.315388649702072144e-02 3.589290678501129150e-01
9.501963108777999878e-02 3.616033196449279785e-01
9.689068049192428589e-02 3.666495084762573242e-01
9.237339347600936890e-02 3.716017007827758789e-01
9.198602288961410522e-02 3.592287003993988037e-01
8.981897681951522827e-02 3.504541516304016113e-01
9.859082847833633423e-02 3.605330884456634521e-01
9.011851996183395386e-02 3.601564466953277588e-01
9.165713936090469360e-02 3.670451343059539795e-01
9.110159426927566528e-02 3.577552437782287598e-01
9.082297235727310181e-02 3.600842654705047607e-01
8.590369671583175659e-02 3.498679399490356445e-01
9.680493175983428955e-02 3.576098084449768066e-01
9.509005397558212280e-02 3.548621237277984619e-01
8.810792118310928345e-02 3.598451614379882812e-01
9.685685485601425171e-02 3.508933186531066895e-01
8.769173920154571533e-02 3.574062585830688477e-01
9.008783847093582153e-02 3.473604321479797363e-01
8.960207551717758179e-02 3.543157875537872314e-01
8.763450384140014648e-02 3.508731424808502197e-01
8.814436942338943481e-02 3.501740694046020508e-01
8.782557398080825806e-02 3.435324728488922119e-01
9.057209640741348267e-02 3.515951931476593018e-01
8.964575082063674927e-02 3.489408791065216064e-01
9.429383277893066406e-02 3.421030640602111816e-01
8.615688979625701904e-02 3.491389155387878418e-01
9.490059316158294678e-02 3.487729132175445557e-01
1.037329286336898804e-01 3.455295860767364502e-01
9.709618985652923584e-02 3.522842228412628174e-01
8.989420533180236816e-02 3.415393829345703125e-01
9.477819502353668213e-02 3.571840822696685791e-01
8.927959948778152466e-02 3.481414318084716797e-01
8.953754603862762451e-02 3.552845120429992676e-01
8.696546405553817749e-02 3.446758985519409180e-01
8.580575883388519287e-02 3.424933254718780518e-01
9.132877737283706665e-02 3.481123149394989014e-01
9.303113073110580444e-02 3.436800241470336914e-01
9.563704580068588257e-02 3.455188274383544922e-01
8.770543336868286133e-02 3.518510162830352783e-01
9.562127292156219482e-02 3.484537899494171143e-01
9.109616279602050781e-02 3.458489477634429932e-01
9.225375205278396606e-02 3.540716469287872314e-01
8.696655184030532837e-02 3.398327231407165527e-01
8.847589045763015747e-02 3.487925529479980469e-01
8.780560642480850220e-02 3.459047973155975342e-01
8.907195925712585449e-02 3.398680686950683594e-01
9.060653299093246460e-02 3.354714214801788330e-01
9.737321734428405762e-02 3.517709374427795410e-01
8.540394157171249390e-02 3.325446248054504395e-01
9.793515503406524658e-02 3.380117714405059814e-01
8.663772791624069214e-02 3.382087349891662598e-01
9.447486698627471924e-02 3.391402363777160645e-01
9.032460302114486694e-02 3.344645202159881592e-01
9.247781336307525635e-02 3.377080261707305908e-01
9.481793642044067383e-02 3.445647060871124268e-01
8.790250122547149658e-02 3.371594846248626709e-01
8.560640364885330200e-02 3.334755003452301025e-01
9.145244210958480835e-02 3.285223543643951416e-01
8.510972559452056885e-02 3.308197557926177979e-01
8.740921318531036377e-02 3.494814634323120117e-01
8.807533979415893555e-02 3.518954813480377197e-01
8.887007832527160645e-02 3.292251229286193848e-01
8.401425927877426147e-02 3.330038487911224365e-01
8.662953972816467285e-02 3.330087959766387939e-01
7.870635390281677246e-02 3.088868260383605957e-01
7.823294401168823242e-02 3.050900697708129883e-01
8.017624169588088989e-02 3.024851977825164795e-01
7.731070369482040405e-02 3.031466901302337646e-01
7.616235315799713135e-02 3.023645281791687012e-01
7.768461853265762329e-02 3.002766370773315430e-01
7.918296754360198975e-02 3.078956305980682373e-01
8.251512795686721802e-02 3.065636754035949707e-01
7.931867241859436035e-02 3.009151220321655273e-01
7.696533203125000000e-02 3.099179267883300781e-01
7.870670408010482788e-02 3.065921962261199951e-01
7.695063203573226929e-02 3.012450933456420898e-01
7.850741595029830933e-02 2.989279627799987793e-01
8.089267462491989136e-02 3.051782548427581787e-01
7.830502837896347046e-02 3.048443496227264404e-01
7.714669406414031982e-02 3.059605360031127930e-01
7.886084914207458496e-02 3.011533617973327637e-01
8.135583251714706421e-02 3.015811145305633545e-01
7.690130174160003662e-02 3.012906312942504883e-01
7.932762801647186279e-02 2.974365353584289551e-01
7.972478866577148438e-02 2.976861000061035156e-01
7.660636305809020996e-02 3.006136417388916016e-01
7.497955858707427979e-02 3.012021481990814209e-01
7.917533814907073975e-02 3.045971989631652832e-01
7.968334108591079712e-02 3.002411127090454102e-01
7.828927040100097656e-02 3.021235167980194092e-01
7.724064588546752930e-02 3.009137809276580811e-01
7.684971392154693604e-02 2.923105061054229736e-01
7.561333477497100830e-02 2.951186597347259521e-01
8.134247362613677979e-02 2.980858683586120605e-01
7.898366451263427734e-02 2.957303225994110107e-01
7.559513300657272339e-02 2.972326576709747314e-01
8.017933368682861328e-02 3.024816215038299561e-01
7.739064097404479980e-02 2.986746132373809814e-01
7.843683660030364990e-02 2.939619719982147217e-01
7.780963182449340820e-02 2.945005893707275391e-01
7.948492467403411865e-02 2.943286299705505371e-01
7.912357896566390991e-02 2.962124645709991455e-01
7.720279693603515625e-02 3.010010123252868652e-01
7.946979254484176636e-02 2.977986633777618408e-01
7.702599465847015381e-02 2.925201058387756348e-01
7.376905530691146851e-02 2.944333851337432861e-01
7.825930416584014893e-02 2.995309829711914062e-01
7.623267173767089844e-02 2.930242717266082764e-01
7.809284329414367676e-02 2.912320494651794434e-01
7.806727290153503418e-02 2.983193397521972656e-01
7.999200373888015747e-02 2.995561659336090088e-01
7.784510403871536255e-02 2.963959872722625732e-01
7.700586318969726562e-02 2.920128405094146729e-01
7.764402031898498535e-02 2.962195277214050293e-01
7.599329203367233276e-02 2.905643880367279053e-01
7.896653562784194946e-02 2.956838905811309814e-01
7.687256485223770142e-02 2.925775349140167236e-01
7.824309915304183960e-02 2.941770553588867188e-01
7.740870118141174316e-02 2.909494042396545410e-01
7.928802073001861572e-02 3.009894192218780518e-01
7.812116295099258423e-02 2.982721328735351562e-01
7.785993814468383789e-02 2.916248738765716553e-01
7.729586213827133179e-02 2.912405431270599365e-01
8.081784844398498535e-02 2.882613837718963623e-01
8.222326636314392090e-02 2.893403470516204834e-01
7.849583029747009277e-02 2.910062968730926514e-01
7.647082209587097168e-02 2.856589555740356445e-01
7.753295451402664185e-02 2.891795039176940918e-01
7.599651068449020386e-02 2.893370091915130615e-01
7.500194013118743896e-02 2.901947200298309326e-01
7.770120352506637573e-02 2.897994220256805420e-01
7.874826341867446899e-02 2.860165238380432129e-01
7.736705988645553589e-02 2.906257808208465576e-01
8.071110397577285767e-02 2.898988127708435059e-01
8.031857013702392578e-02 2.931550741195678711e-01
7.445050776004791260e-02 2.852865457534790039e-01
7.750191539525985718e-02 2.897967994213104248e-01
7.473783940076828003e-02 2.910431027412414551e-01
7.551017403602600098e-02 2.852045595645904541e-01
7.549900561571121216e-02 2.929679751396179199e-01
8.152308315038681030e-02 2.851610183715820312e-01
7.756947726011276245e-02 2.852765321731567383e-01
7.816329598426818848e-02 2.831791043281555176e-01
7.551260292530059814e-02 2.893281579017639160e-01
7.449119538068771362e-02 2.884003818035125732e-01
7.363251596689224243e-02 2.815007269382476807e-01
8.092599362134933472e-02 2.853906154632568359e-01
7.463204860687255859e-02 2.923998534679412842e-01
7.352009415626525879e-02 2.823852896690368652e-01
7.572513818740844727e-02 3.038545548915863037e-01
7.513248920440673828e-02 2.855219542980194092e-01
7.653642445802688599e-02 2.817037403583526611e-01
7.463986426591873169e-02 2.839070558547973633e-01
7.527083903551101685e-02 2.891226112842559814e-01
7.475800812244415283e-02 2.873280048370361328e-01
7.759445905685424805e-02 2.838372290134429932e-01
7.857051491737365723e-02 2.871268689632415771e-01
7.870929688215255737e-02 2.909108996391296387e-01
7.667001336812973022e-02 2.832479178905487061e-01
7.682369649410247803e-02 2.872351109981536865e-01
7.598388195037841797e-02 2.860011160373687744e-01
7.715924829244613647e-02 2.863320410251617432e-01
7.802841067314147949e-02 2.799800038337707520e-01
7.425385713577270508e-02 2.800184190273284912e-01
7.834672182798385620e-02 2.797217369079589844e-01
8.091253787279129028e-02 2.937476933002471924e-01
7.586542516946792603e-02 2.862548828125000000e-01
7.405029982328414917e-02 2.837528586387634277e-01
7.466983795166015625e-02 2.844740152359008789e-01
7.475923001766204834e-02 2.826934456825256348e-01
7.414620369672775269e-02 2.843373715877532959e-01
7.227148860692977905e-02 2.765605747699737549e-01
7.468963414430618286e-02 2.838847041130065918e-01
8.011682331562042236e-02 2.824963033199310303e-01
7.591024786233901978e-02 2.794296741485595703e-01
7.962663471698760986e-02 2.815152108669281006e-01
7.573100924491882324e-02 2.803914248943328857e-01
7.628808915615081787e-02 2.814874649047851562e-01
7.671467959880828857e-02 2.836446762084960938e-01
8.417996019124984741e-02 2.831674814224243164e-01
7.951907813549041748e-02 2.801839113235473633e-01
7.591713219881057739e-02 2.904876172542572021e-01
7.586064934730529785e-02 2.879848778247833252e-01
7.617884129285812378e-02 2.816882431507110596e-01
7.802862673997879028e-02 2.842555642127990723e-01
7.350914925336837769e-02 2.770857214927673340e-01
7.351025193929672241e-02 2.780506014823913574e-01
7.693191617727279663e-02 2.808796465396881104e-01
7.534078508615493774e-02 2.845009267330169678e-01
7.431761920452117920e-02 2.760349512100219727e-01
7.393828779458999634e-02 2.816045582294464111e-01
7.458856701850891113e-02 2.756699323654174805e-01
7.371504604816436768e-02 2.790832221508026123e-01
7.323234528303146362e-02 2.816747128963470459e-01
7.440463453531265259e-02 2.795844674110412598e-01
8.205676078796386719e-02 2.814197838306427002e-01
7.648562639951705933e-02 2.770688533782958984e-01
7.337161898612976074e-02 2.739689648151397705e-01
7.298927009105682373e-02 2.779965698719024658e-01
7.296275347471237183e-02 2.814622223377227783e-01
7.525943964719772339e-02 2.805463075637817383e-01
7.531577348709106445e-02 2.751896381378173828e-01
7.790720462799072266e-02 2.767180502414703369e-01
7.357224076986312866e-02 2.765250205993652344e-01
7.555217295885086060e-02 2.798838913440704346e-01
7.810735702514648438e-02 2.779452204704284668e-01
7.943649590015411377e-02 2.850872278213500977e-01
7.566764205694198608e-02 2.791179120540618896e-01
7.527013123035430908e-02 2.772769927978515625e-01
7.219456881284713745e-02 2.780544459819793701e-01
7.315725088119506836e-02 2.758445441722869873e-01
7.228389382362365723e-02 2.730735838413238525e-01
7.615229487419128418e-02 2.745001912117004395e-01
7.472737133502960205e-02 2.764123678207397461e-01
7.374453544616699219e-02 2.764464020729064941e-01
7.453053444623947144e-02 2.735740840435028076e-01
7.343393564224243164e-02 2.772045731544494629e-01
7.600872218608856201e-02 2.756365835666656494e-01
7.549130171537399292e-02 2.756939828395843506e-01
7.548402249813079834e-02 2.796267569065093994e-01
7.442025840282440186e-02 2.736301124095916748e-01
7.403612136840820312e-02 2.749700248241424561e-01
7.969423383474349976e-02 2.738812565803527832e-01
7.777131348848342896e-02 2.857062518596649170e-01
7.199951261281967163e-02 2.726074457168579102e-01
7.929896563291549683e-02 2.791128158569335938e-01
7.614032924175262451e-02 2.733837962150573730e-01
7.640277594327926636e-02 2.765837013721466064e-01
7.667487859725952148e-02 2.775203883647918701e-01
7.635390013456344604e-02 2.783461511135101318e-01
7.486826926469802856e-02 2.747417390346527100e-01
7.701340317726135254e-02 2.786180675029754639e-01
7.456142455339431763e-02 2.816608548164367676e-01
7.640639692544937134e-02 2.727846205234527588e-01
7.573805749416351318e-02 2.762747108936309814e-01
7.390942424535751343e-02 2.796403765678405762e-01
7.457514107227325439e-02 2.710625231266021729e-01
7.552552968263626099e-02 2.761074304580688477e-01
7.424753904342651367e-02 2.711857259273529053e-01
7.588544487953186035e-02 2.736569046974182129e-01
7.521599531173706055e-02 2.792708575725555420e-01
7.732970267534255981e-02 2.766087949275970459e-01
7.945311814546585083e-02 2.733257412910461426e-01
7.437164336442947388e-02 2.696972191333770752e-01
7.617018371820449829e-02 2.695359885692596436e-01
7.172029465436935425e-02 2.791721820831298828e-01
7.657928019762039185e-02 2.810463607311248779e-01
7.376298308372497559e-02 2.781610786914825439e-01
7.603401690721511841e-02 2.693381905555725098e-01
7.190145552158355713e-02 2.754747569561004639e-01
7.340549677610397339e-02 2.765208780765533447e-01
7.560229301452636719e-02 2.735903561115264893e-01
7.541961222887039185e-02 2.716259360313415527e-01
7.345587015151977539e-02 2.700660824775695801e-01
7.401852309703826904e-02 2.712740600109100342e-01
7.379529625177383423e-02 2.747531235218048096e-01
7.673776894807815552e-02 2.759447991847991943e-01
7.614693045616149902e-02 2.825812101364135742e-01
7.466775923967361450e-02 2.695359885692596436e-01
7.485040277242660522e-02 2.697776556015014648e-01
7.273671030998229980e-02 2.708414793014526367e-01
7.107429206371307373e-02 2.740629911422729492e-01
7.334067672491073608e-02 2.702160775661468506e-01
7.195393741130828857e-02 2.688563168048858643e-01
7.000175863504409790e-02 2.566757798194885254e-01
6.983900815248489380e-02 2.552186250686645508e-01
6.952057033777236938e-02 2.539997398853302002e-01
7.093790918588638306e-02 2.514440417289733887e-01
6.835728138685226440e-02 2.505121529102325439e-01
7.010674476623535156e-02 2.541177570819854736e-01
7.123118638992309570e-02 2.508994042873382568e-01
6.743164360523223877e-02 2.494537234306335449e-01
6.712230294942855835e-02 2.570433318614959717e-01
6.919221580028533936e-02 2.525931298732757568e-01
6.865174323320388794e-02 2.537728846073150635e-01
7.036163657903671265e-02 2.520340383052825928e-01
7.096315920352935791e-02 2.540689110755920410e-01
6.688446551561355591e-02 2.478047907352447510e-01
6.949967145919799805e-02 2.538683414459228516e-01
7.143613696098327637e-02 2.496145218610763550e-01
6.623165309429168701e-02 2.526791095733642578e-01
6.883209943771362305e-02 2.478629797697067261e-01
6.826333701610565186e-02 2.526035606861114502e-01
6.795680522918701172e-02 2.518705129623413086e-01
6.729805469512939453e-02 2.499800473451614380e-01
6.828296184539794922e-02 2.546024024486541748e-01
6.763430684804916382e-02 2.509526312351226807e-01
6.630919873714447021e-02 2.471190094947814941e-01
6.830214709043502808e-02 2.506150007247924805e-01
6.784410774707794189e-02 2.502515017986297607e-01
6.893359124660491943e-02 2.479189485311508179e-01
6.792832165956497192e-02 2.471156716346740723e-01
6.920736283063888550e-02 2.545731961727142334e-01
7.008530199527740479e-02 2.498852163553237915e-01
6.836096942424774170e-02 2.462876141071319580e-01
6.947145611047744751e-02 2.521360218524932861e-01
6.910800933837890625e-02 2.506060898303985596e-01
6.868238002061843872e-02 2.486858218908309937e-01
6.815111637115478516e-02 2.480521649122238159e-01
6.849946826696395874e-02 2.512798607349395752e-01
6.792742013931274414e-02 2.477162182331085205e-01
6.901574879884719849e-02 2.489682137966156006e-01
6.766913831233978271e-02 2.464538365602493286e-01
6.691853702068328857e-02 2.484959214925765991e-01
6.541493535041809082e-02 2.488619238138198853e-01
6.562339514493942261e-02 2.498371005058288574e-01
6.876970082521438599e-02 2.489536255598068237e-01
7.074808329343795776e-02 2.465125173330307007e-01
6.972622871398925781e-02 2.482781559228897095e-01
6.808385998010635376e-02 2.479903399944305420e-01
6.778420507907867432e-02 2.470415532588958740e-01
6.973451375961303711e-02 2.507157325744628906e-01
7.234977185726165771e-02 2.507010102272033691e-01
6.825087219476699829e-02 2.493193894624710083e-01
6.775160133838653564e-02 2.517896592617034912e-01
6.860354542732238770e-02 2.458331137895584106e-01
6.864041835069656372e-02 2.443536669015884399e-01
6.808239221572875977e-02 2.505709826946258545e-01
6.682568788528442383e-02 2.462048530578613281e-01
6.680525094270706177e-02 2.476633191108703613e-01
6.725495308637619019e-02 2.452170699834823608e-01
6.755872815847396851e-02 2.478606700897216797e-01
6.569126248359680176e-02 2.497855126857757568e-01
6.906740367412567139e-02 2.484759092330932617e-01
6.887798756361007690e-02 2.452574819326400757e-01
6.658962368965148926e-02 2.510762214660644531e-01
6.758657097816467285e-02 2.453832030296325684e-01
7.135905325412750244e-02 2.513054609298706055e-01
6.863839179277420044e-02 2.464116811752319336e-01
6.781769543886184692e-02 2.419525980949401855e-01
7.062050700187683105e-02 2.454482018947601318e-01
6.769371777772903442e-02 2.472732812166213989e-01
6.791678071022033691e-02 2.494021207094192505e-01
6.677827239036560059e-02 2.436082214117050171e-01
6.725012511014938354e-02 2.460894286632537842e-01
6.789448857307434082e-02 2.466658353805541992e-01
6.797152757644653320e-02 2.491236329078674316e-01
6.830489635467529297e-02 2.460858374834060669e-01
6.756435334682464600e-02 2.465188503265380859e-01
6.686659157276153564e-02 2.483265399932861328e-01
6.729587167501449585e-02 2.445954233407974243e-01
6.937614828348159790e-02 2.442590892314910889e-01
6.908745318651199341e-02 2.443858981132507324e-01
6.768087297677993774e-02 2.464509457349777222e-01
6.710813194513320923e-02 2.468485087156295776e-01
6.812099367380142212e-02 2.471169680356979370e-01
6.791988760232925415e-02 2.424969524145126343e-01
6.748589128255844116e-02 2.490347027778625488e-01
6.781376898288726807e-02 2.455338090658187866e-01
6.629249453544616699e-02 2.429069578647613525e-01
6.740461289882659912e-02 2.427119463682174683e-01
6.806904077529907227e-02 2.494809031486511230e-01
6.666942685842514038e-02 2.449105381965637207e-01
6.793663650751113892e-02 2.445809841156005859e-01
6.691189855337142944e-02 2.460939288139343262e-01
7.078424841165542603e-02 2.467047572135925293e-01
6.711813807487487793e-02 2.440547049045562744e-01
6.633137911558151245e-02 2.409409284591674805e-01
6.698679924011230469e-02 2.474146187305450439e-01
6.744407117366790771e-02 2.434678375720977783e-01
7.285744696855545044e-02 2.478638440370559692e-01
6.766688823699951172e-02 2.418718338012695312e-01
6.858080625534057617e-02 2.469681352376937866e-01
6.741869449615478516e-02 2.467244118452072144e-01
6.778950244188308716e-02 2.453342229127883911e-01
6.636390089988708496e-02 2.462590634822845459e-01
6.757728010416030884e-02 2.405015677213668823e-01
6.647419184446334839e-02 2.439601570367813110e-01
6.688269972801208496e-02 2.451201230287551880e-01
6.750737130641937256e-02 2.444284856319427490e-01
6.647489219903945923e-02 2.509258091449737549e-01
6.823894381523132324e-02 2.444639205932617188e-01
6.726814806461334229e-02 2.408495545387268066e-01
6.818190217018127441e-02 2.519009113311767578e-01
6.904617697000503540e-02 2.408305853605270386e-01
7.064926624298095703e-02 2.416558712720870972e-01
6.622926145792007446e-02 2.439296692609786987e-01
6.750030070543289185e-02 2.461038976907730103e-01
6.554054468870162964e-02 2.451531589031219482e-01
6.703483313322067261e-02 2.461396455764770508e-01
6.617125868797302246e-02 2.435854971408843994e-01
6.659168750047683716e-02 2.437819242477416992e-01
6.685321778059005737e-02 2.419001311063766479e-01
6.772115081548690796e-02 2.435716390609741211e-01
6.743959337472915649e-02 2.441552132368087769e-01
6.755264103412628174e-02 2.440237849950790405e-01
6.874141842126846313e-02 2.440816164016723633e-01
6.671710312366485596e-02 2.366210520267486572e-01
6.523927301168441772e-02 2.428319752216339111e-01
6.785073876380920410e-02 2.397897988557815552e-01
6.652278453111648560e-02 2.417767196893692017e-01
6.677887588739395142e-02 2.440934181213378906e-01
6.733259558677673340e-02 2.376876771450042725e-01
6.598383188247680664e-02 2.443092763423919678e-01
6.563580036163330078e-02 2.450036555528640747e-01
6.705261021852493286e-02 2.454696893692016602e-01
6.690093129873275757e-02 2.408149987459182739e-01
7.039112597703933716e-02 2.426223903894424438e-01
6.956048309803009033e-02 2.497462034225463867e-01
6.985901296138763428e-02 2.460241168737411499e-01
6.958715617656707764e-02 2.472786605358123779e-01
6.768540292978286743e-02 2.444929778575897217e-01
6.689812988042831421e-02 2.385739535093307495e-01
6.818595528602600098e-02 2.435460388660430908e-01
6.616578996181488037e-02 2.387626916170120239e-01
6.815955787897109985e-02 2.418826371431350708e-01
6.621035188436508179e-02 2.415455430746078491e-01
7.305672019720077515e-02 2.450897246599197388e-01
6.565190106630325317e-02 2.397749274969100952e-01
6.539019197225570679e-02 2.431243062019348145e-01
6.694309413433074951e-02 2.411171644926071167e-01
6.620402634143829346e-02 2.391639649868011475e-01
6.687568128108978271e-02 2.408951371908187866e-01
6.564752012491226196e-02 2.403340637683868408e-01
6.868042796850204468e-02 2.377931773662567139e-01
6.624692678451538086e-02 2.419777661561965942e-01
6.582035124301910400e-02 2.387661933898925781e-01
6.676822900772094727e-02 2.428093701601028442e-01
6.636916100978851318e-02 2.399526089429855347e-01
6.512403488159179688e-02 2.399764806032180786e-01
6.718026101589202881e-02 2.403891384601593018e-01
6.562478840351104736e-02 2.356978207826614380e-01
6.840338557958602905e-02 2.378755956888198853e-01
6.793116033077239990e-02 2.419450134038925171e-01
6.532498449087142944e-02 2.377157360315322876e-01
6.546840071678161621e-02 2.440600991249084473e-01
6.513728201389312744e-02 2.405839413404464722e-01
6.783536076545715332e-02 2.373852878808975220e-01
6.912069767713546753e-02 2.398129105567932129e-01
6.594737619161605835e-02 2.409759312868118286e-01
6.603377312421798706e-02 2.368942797183990479e-01
6.782400608062744141e-02 2.395973950624465942e-01
6.649243831634521484e-02 2.386173605918884277e-01
6.564675271511077881e-02 2.414111644029617310e-01
6.809825450181961060e-02 2.452728897333145142e-01
6.582383811473846436e-02 2.440569400787353516e-01
6.584429740905761719e-02 2.402781695127487183e-01
6.518992781639099121e-02 2.400799095630645752e-01
6.364084035158157349e-02 2.411347925662994385e-01
6.675064563751220703e-02 2.375703901052474976e-01
6.815925985574722290e-02 2.390026003122329712e-01
6.611020117998123169e-02 2.412217259407043457e-01
6.442736834287643433e-02 2.374420762062072754e-01
7.041626423597335815e-02 2.470819801092147827e-01
6.566601991653442383e-02 2.410556524991989136e-01
6.763032078742980957e-02 2.387543171644210815e-01
7.045922428369522095e-02 2.397032976150512695e-01
6.563832610845565796e-02 2.416045516729354858e-01
6.829921156167984009e-02 2.399881631135940552e-01
6.635992228984832764e-02 2.379138171672821045e-01
6.759420037269592285e-02 2.335972487926483154e-01
6.448359787464141846e-02 2.398748695850372314e-01
6.487181782722473145e-02 2.390745133161544800e-01
6.667382270097732544e-02 2.342114597558975220e-01
6.858354806900024414e-02 2.410727739334106445e-01
6.494547426700592041e-02 2.437850385904312134e-01
6.483017653226852417e-02 2.373883277177810669e-01
6.622394919395446777e-02 2.394329011440277100e-01
6.444787234067916870e-02 2.383448630571365356e-01
6.771161407232284546e-02 2.367780953645706177e-01
6.638429313898086548e-02 2.399660497903823853e-01
6.607005000114440918e-02 2.387447059154510498e-01
6.588325649499893188e-02 2.390500158071517944e-01
6.559579074382781982e-02 2.399889528751373291e-01
