3.956280052661895752e-01
2.206795513629913330e-01
1.874345541000366211e-01
1.752451807260513306e-01
1.683705300092697144e-01
1.538077890872955322e-01
1.483359187841415405e-01
1.437802910804748535e-01
1.387694031000137329e-01
1.369813233613967896e-01
1.313993632793426514e-01
1.238129734992980957e-01
1.244511008262634277e-01
1.219251900911331177e-01
1.124099344015121460e-01
1.123389005661010742e-01
1.110028401017189026e-01
1.095879822969436646e-01
1.057935953140258789e-01
1.102061048150062561e-01
1.108750402927398682e-01
1.016260460019111633e-01
9.851749241352081299e-02
9.716944396495819092e-02
1.013818085193634033e-01
9.725381433963775635e-02
1.000726819038391113e-01
9.757242351770401001e-02
9.300202131271362305e-02
9.672269225120544434e-02
9.578099101781845093e-02
9.198036044836044312e-02
9.138180315494537354e-02
9.482897073030471802e-02
9.025841951370239258e-02
9.239100664854049683e-02
9.748476743698120117e-02
8.591930568218231201e-02
9.065928310155868530e-02
8.804663270711898804e-02
8.913023769855499268e-02
8.678150177001953125e-02
8.556300401687622070e-02
8.876203000545501709e-02
8.508632332086563110e-02
8.592403680086135864e-02
8.403673768043518066e-02
8.581034839153289795e-02
8.737245202064514160e-02
8.140908926725387573e-02
8.138158917427062988e-02
8.131083101034164429e-02
8.339498192071914673e-02
8.275943994522094727e-02
8.103601634502410889e-02
7.749962061643600464e-02
8.008848875761032104e-02
8.244043588638305664e-02
7.592571526765823364e-02
8.346065133810043335e-02
8.031905442476272583e-02
7.546669244766235352e-02
7.687570154666900635e-02
7.934205234050750732e-02
7.648345082998275757e-02
7.738043367862701416e-02
7.728653401136398315e-02
7.615412026643753052e-02
7.619534432888031006e-02
7.578841596841812134e-02
7.531603425741195679e-02
7.325851917266845703e-02
7.189559191465377808e-02
7.431756705045700073e-02
7.315774261951446533e-02
7.135754823684692383e-02
7.700846344232559204e-02
7.470094412565231323e-02
7.071192562580108643e-02
7.208489626646041870e-02
7.238340377807617188e-02
7.200940698385238647e-02
7.324208319187164307e-02
7.122101634740829468e-02
7.125633955001831055e-02
6.917700916528701782e-02
6.906199455261230469e-02
6.830068677663803101e-02
7.102034240961074829e-02
6.913886964321136475e-02
6.964003294706344604e-02
6.818438321352005005e-02
7.192600518465042114e-02
6.981062144041061401e-02
6.938980519771575928e-02
6.917397677898406982e-02
6.771071255207061768e-02
7.069645076990127563e-02
6.679896265268325806e-02
6.643820554018020630e-02
6.982281804084777832e-02
6.813256442546844482e-02
7.018530368804931641e-02
6.747153401374816895e-02
6.682432442903518677e-02
6.597126275300979614e-02
6.553035229444503784e-02
6.408581882715225220e-02
6.589761376380920410e-02
6.400082260370254517e-02
6.381106376647949219e-02
6.336776167154312134e-02
6.361130625009536743e-02
6.299488246440887451e-02
6.127001345157623291e-02
6.297079473733901978e-02
6.152896583080291748e-02
6.282605975866317749e-02
6.461086124181747437e-02
6.803732365369796753e-02
6.251189112663269043e-02
6.442093849182128906e-02
6.292562931776046753e-02
6.274231523275375366e-02
6.098489090800285339e-02
6.007200852036476135e-02
5.972015112638473511e-02
6.324677914381027222e-02
6.108870357275009155e-02
6.446232646703720093e-02
6.177290901541709900e-02
6.360188871622085571e-02
6.074488162994384766e-02
5.980585515499114990e-02
6.023888289928436279e-02
6.185463815927505493e-02
5.910015851259231567e-02
6.096882000565528870e-02
6.273367255926132202e-02
6.299625337123870850e-02
5.989829823374748230e-02
5.687587335705757141e-02
6.101964786648750305e-02
5.943350121378898621e-02
6.130180507898330688e-02
5.955187976360321045e-02
5.985602363944053650e-02
5.698360502719879150e-02
5.963952839374542236e-02
5.871284008026123047e-02
5.886937677860260010e-02
5.852814763784408569e-02
5.858847126364707947e-02
5.656470730900764465e-02
5.709428712725639343e-02
5.690355226397514343e-02
5.583457648754119873e-02
5.504032224416732788e-02
5.694211646914482117e-02
5.633141845464706421e-02
5.541067570447921753e-02
5.574280768632888794e-02
5.675750225782394409e-02
5.815577134490013123e-02
5.710272490978240967e-02
5.570949614048004150e-02
5.856475234031677246e-02
5.654861032962799072e-02
5.754407122731208801e-02
5.545810982584953308e-02
5.507124960422515869e-02
5.605437606573104858e-02
5.569016188383102417e-02
5.619921162724494934e-02
5.626714229583740234e-02
5.736886337399482727e-02
5.580535158514976501e-02
5.767666548490524292e-02
5.439095571637153625e-02
5.603185668587684631e-02
5.574950948357582092e-02
5.505023896694183350e-02
5.419943481683731079e-02
5.776582658290863037e-02
5.308172479271888733e-02
5.465196445584297180e-02
5.286173522472381592e-02
5.471218377351760864e-02
5.359224602580070496e-02
5.403746291995048523e-02
5.567717552185058594e-02
5.339027568697929382e-02
5.242740735411643982e-02
5.224884301424026489e-02
5.148191750049591064e-02
5.554253980517387390e-02
5.679926648736000061e-02
5.219623818993568420e-02
5.199654027819633484e-02
5.211975052952766418e-02
4.657297581434249878e-02
4.552088677883148193e-02
4.454468563199043274e-02
4.414985328912734985e-02
4.433013498783111572e-02
4.400239884853363037e-02
4.553529620170593262e-02
4.517840966582298279e-02
4.417994618415832520e-02
4.474448040127754211e-02
4.510289430618286133e-02
4.412136599421501160e-02
4.350113123655319214e-02
4.521366953849792480e-02
4.459461197257041931e-02
4.460894688963890076e-02
4.444907605648040771e-02
4.435991868376731873e-02
4.307669401168823242e-02
4.341848939657211304e-02
4.343902319669723511e-02
4.373226314783096313e-02
4.383187741041183472e-02
4.422838613390922546e-02
4.418298974633216858e-02
4.371914267539978027e-02
4.286348819732666016e-02
4.215727373957633972e-02
4.211156815290451050e-02
4.326791688799858093e-02
4.286677390336990356e-02
4.243364185094833374e-02
4.400669038295745850e-02
4.298251867294311523e-02
4.256494343280792236e-02
4.275022819638252258e-02
4.205992817878723145e-02
4.266846552491188049e-02
4.367001354694366455e-02
4.288940504193305969e-02
4.183703288435935974e-02
4.213757067918777466e-02
4.342164844274520874e-02
4.213444143533706665e-02
4.218493029475212097e-02
4.287634044885635376e-02
4.329806566238403320e-02
4.258089885115623474e-02
4.177496582269668579e-02
4.236910119652748108e-02
4.146669059991836548e-02
4.202281683683395386e-02
4.239833354949951172e-02
4.236427694559097290e-02
4.132577404379844666e-02
4.329601675271987915e-02
4.254003614187240601e-02
4.168254882097244263e-02
4.168218374252319336e-02
4.092334583401679993e-02
4.207431152462959290e-02
4.152717441320419312e-02
4.048838093876838684e-02
4.045218974351882935e-02
4.052818194031715393e-02
4.071313887834548950e-02
4.114785790443420410e-02
4.048445448279380798e-02
4.108156636357307434e-02
4.086070135235786438e-02
4.219739884138107300e-02
3.997660428285598755e-02
4.102446883916854858e-02
4.113365337252616882e-02
3.977229446172714233e-02
4.112969711422920227e-02
3.993396461009979248e-02
3.972872346639633179e-02
3.965273872017860413e-02
4.045621678233146667e-02
4.024436324834823608e-02
3.883007168769836426e-02
3.969699516892433167e-02
4.064242169260978699e-02
3.905728459358215332e-02
4.341673851013183594e-02
3.984813764691352844e-02
3.880990669131278992e-02
3.934146091341972351e-02
4.053535684943199158e-02
3.999292850494384766e-02
3.978186473250389099e-02
3.994155675172805786e-02
4.102952033281326294e-02
3.925897181034088135e-02
3.975192457437515259e-02
3.982643410563468933e-02
3.952172398567199707e-02
3.896809369325637817e-02
3.864230215549468994e-02
3.873325511813163757e-02
4.165903478860855103e-02
4.023335501551628113e-02
3.904017433524131775e-02
3.972404822707176208e-02
3.884503617882728577e-02
3.940380737185478210e-02
3.762780874967575073e-02
3.908146172761917114e-02
3.884615004062652588e-02
3.882034495472908020e-02
3.919890522956848145e-02
3.806531056761741638e-02
3.855788707733154297e-02
3.949194028973579407e-02
3.978484496474266052e-02
3.900046646595001221e-02
4.031063616275787354e-02
3.991705924272537231e-02
3.887652233242988586e-02
3.940431028604507446e-02
3.761816024780273438e-02
3.833252564072608948e-02
3.863547369837760925e-02
3.916781395673751831e-02
3.758237883448600769e-02
3.869044408202171326e-02
3.768887743353843689e-02
3.837862983345985413e-02
3.805033490061759949e-02
3.808756545186042786e-02
3.888675570487976074e-02
3.786348924040794373e-02
3.712422028183937073e-02
3.739765658974647522e-02
3.824733197689056396e-02
3.815216198563575745e-02
3.774078935384750366e-02
3.728956729173660278e-02
3.746416419744491577e-02
3.832170739769935608e-02
3.817528486251831055e-02
3.958219662308692932e-02
3.832921385765075684e-02
3.803492709994316101e-02
3.727170825004577637e-02
3.706540912389755249e-02
3.690671175718307495e-02
3.678299486637115479e-02
3.771858662366867065e-02
3.740792721509933472e-02
3.690876811742782593e-02
3.763699904084205627e-02
3.735489398241043091e-02
3.730670735239982605e-02
3.846267983317375183e-02
3.712298721075057983e-02
3.737288713455200195e-02
3.732430562376976013e-02
3.939066827297210693e-02
3.665272146463394165e-02
3.820674121379852295e-02
3.724762797355651855e-02
3.748116642236709595e-02
3.788329288363456726e-02
3.794904053211212158e-02
3.708103299140930176e-02
3.794076666235923767e-02
3.869266808032989502e-02
3.725893050432205200e-02
3.675599023699760437e-02
3.828965872526168823e-02
3.645642101764678955e-02
3.724787011742591858e-02
3.618956357240676880e-02
3.702134639024734497e-02
3.785707801580429077e-02
3.777482733130455017e-02
3.719287738204002380e-02
3.572678193449974060e-02
3.616170957684516907e-02
3.752233833074569702e-02
3.807001933455467224e-02
3.775840997695922852e-02
3.636147081851959229e-02
3.733862563967704773e-02
3.671969100832939148e-02
3.652600944042205811e-02
3.651052713394165039e-02
3.621897846460342407e-02
3.666193038225173950e-02
3.713240474462509155e-02
3.787240013480186462e-02
3.855527937412261963e-02
3.606667369604110718e-02
3.626640141010284424e-02
3.604478016495704651e-02
3.667735308408737183e-02
3.558882698416709900e-02
3.635716065764427185e-02
3.321741148829460144e-02
3.261782601475715637e-02
3.254655376076698303e-02
3.189187869429588318e-02
3.173144534230232239e-02
3.267893567681312561e-02
3.213365375995635986e-02
3.124834410846233368e-02
3.239972516894340515e-02
3.182014077901840210e-02
3.219770640134811401e-02
3.195264190435409546e-02
3.219358623027801514e-02
3.082666359841823578e-02
3.227777406573295593e-02
3.207638487219810486e-02
3.166337311267852783e-02
3.142308071255683899e-02
3.191812336444854736e-02
3.186661005020141602e-02
3.098325617611408234e-02
3.186348453164100647e-02
3.174382820725440979e-02
3.082416579127311707e-02
3.185485303401947021e-02
3.141135722398757935e-02
3.081544302403926849e-02
3.112387470901012421e-02
3.178374841809272766e-02
3.150495141744613647e-02
3.101588971912860870e-02
3.164838999509811401e-02
3.164570406079292297e-02
3.119332157075405121e-02
3.085778653621673584e-02
3.148722276091575623e-02
3.094689361751079559e-02
3.139106556773185730e-02
3.075575642287731171e-02
3.115394338965415955e-02
3.076499514281749725e-02
3.100098855793476105e-02
3.116359002888202667e-02
3.082241304218769073e-02
3.103462047874927521e-02
3.094394691288471222e-02
3.106207959353923798e-02
3.152003511786460876e-02
3.157541900873184204e-02
3.100361861288547516e-02
3.158680349588394165e-02
3.057811781764030457e-02
3.030200302600860596e-02
3.112974762916564941e-02
3.055499121546745300e-02
3.108621016144752502e-02
3.025904670357704163e-02
3.068456985056400299e-02
3.057839162647724152e-02
3.083516284823417664e-02
3.063764981925487518e-02
3.142236918210983276e-02
3.075356781482696533e-02
3.143798187375068665e-02
3.081436082720756531e-02
2.997675165534019470e-02
3.073577024042606354e-02
3.085190802812576294e-02
3.095595911145210266e-02
2.985890582203865051e-02
3.057903237640857697e-02
3.044161573052406311e-02
3.089041821658611298e-02
3.064934350550174713e-02
3.039455600082874298e-02
3.083192743360996246e-02
3.034301847219467163e-02
3.018039651215076447e-02
3.036403469741344452e-02
3.069651126861572266e-02
3.041799180209636688e-02
3.064896911382675171e-02
2.971862256526947021e-02
3.087555244565010071e-02
3.044109418988227844e-02
2.984045073390007019e-02
2.965279482305049896e-02
3.088349290192127228e-02
3.031609207391738892e-02
3.006632998585700989e-02
3.049518540501594543e-02
3.069321066141128540e-02
3.012259490787982941e-02
2.932664379477500916e-02
3.045047260820865631e-02
3.004705905914306641e-02
3.111022710800170898e-02
2.938174456357955933e-02
3.073245473206043243e-02
3.042031079530715942e-02
3.015677258372306824e-02
2.970580384135246277e-02
2.959054335951805115e-02
2.998010255396366119e-02
3.027320094406604767e-02
3.006972558796405792e-02
3.035554662346839905e-02
3.043591603636741638e-02
2.936895377933979034e-02
3.122118115425109863e-02
2.972645685076713562e-02
2.974362485110759735e-02
2.992106974124908447e-02
3.047721832990646362e-02
2.995963767170906067e-02
3.028657287359237671e-02
2.923098392784595490e-02
2.990989014506340027e-02
2.979430928826332092e-02
2.992911078035831451e-02
3.004887513816356659e-02
2.975874766707420349e-02
3.015998750925064087e-02
2.883982844650745392e-02
2.987606264650821686e-02
2.926561981439590454e-02
2.916148677468299866e-02
2.984661236405372620e-02
2.883201092481613159e-02
2.972687408328056335e-02
2.971834316849708557e-02
2.989144809544086456e-02
2.930678054690361023e-02
2.978082187473773956e-02
3.106394782662391663e-02
3.046930022537708282e-02
3.058640845119953156e-02
3.005412593483924866e-02
2.892127633094787598e-02
2.969511970877647400e-02
2.875335700809955597e-02
2.955520711839199066e-02
2.932889387011528015e-02
3.052960708737373352e-02
2.919135987758636475e-02
2.949068509042263031e-02
2.910064533352851868e-02
2.882487140595912933e-02
2.954797632992267609e-02
2.895934134721755981e-02
2.885371074080467224e-02
2.933808043599128723e-02
2.892151847481727600e-02
2.940414473414421082e-02
2.893122099339962006e-02
2.907043322920799255e-02
2.908453904092311859e-02
2.808145061135292053e-02
2.902523055672645569e-02
2.914565615355968475e-02
2.843165956437587738e-02
2.946542948484420776e-02
2.888281829655170441e-02
2.843796275556087494e-02
2.925546094775199890e-02
2.902477979660034180e-02
2.840992808341979980e-02
2.902165241539478302e-02
2.877803146839141846e-02
2.936281077563762665e-02
2.981126867234706879e-02
2.962514758110046387e-02
2.908905036747455597e-02
2.872829511761665344e-02
2.919628471136093140e-02
2.878148294985294342e-02
2.900785952806472778e-02
2.895320951938629150e-02
2.861891314387321472e-02
3.023812547326087952e-02
2.874126657843589783e-02
2.898231707513332367e-02
2.921334467828273773e-02
2.905517630279064178e-02
2.920658513903617859e-02
2.865520492196083069e-02
2.820910513401031494e-02
2.848595194518566132e-02
2.880540117621421814e-02
2.787581458687782288e-02
2.922057174146175385e-02
2.957458794116973877e-02
2.834751084446907043e-02
2.875876985490322113e-02
2.847871556878089905e-02
2.870444767177104950e-02
2.885800413787364960e-02
2.862483076751232147e-02
2.878262288868427277e-02
2.890485711395740509e-02
