6.917254924774169922e-01
4.878169596195220947e-01
4.425150156021118164e-01
4.235442876815795898e-01
4.180399179458618164e-01
3.925409615039825439e-01
3.878494501113891602e-01
3.786448240280151367e-01
3.688160479068756104e-01
3.692304193973541260e-01
3.600619137287139893e-01
3.451727926731109619e-01
3.466938436031341553e-01
3.429027795791625977e-01
3.249174952507019043e-01
3.246411979198455811e-01
3.225611746311187744e-01
3.212264776229858398e-01
3.113003373146057129e-01
3.190676569938659668e-01
3.246378004550933838e-01
3.031546175479888916e-01
2.982290983200073242e-01
2.959570586681365967e-01
3.050205707550048828e-01
2.996914386749267578e-01
3.039287328720092773e-01
2.984390854835510254e-01
2.886493802070617676e-01
2.972877919673919678e-01
2.958439886569976807e-01
2.865643203258514404e-01
2.843748629093170166e-01
2.927444875240325928e-01
2.856698036193847656e-01
2.878702282905578613e-01
3.023619055747985840e-01
2.743847370147705078e-01
2.853514254093170166e-01
2.808561027050018311e-01
2.840746641159057617e-01
2.761398553848266602e-01
2.746546268463134766e-01
2.851077020168304443e-01
2.742158174514770508e-01
2.770170867443084717e-01
2.710267603397369385e-01
2.766479253768920898e-01
2.802064120769500732e-01
2.673909366130828857e-01
2.671909928321838379e-01
2.647582292556762695e-01
2.721709012985229492e-01
2.736211717128753662e-01
2.672637104988098145e-01
2.608003914356231689e-01
2.624554634094238281e-01
2.709115743637084961e-01
2.545540630817413330e-01
2.739534676074981689e-01
2.676650881767272949e-01
2.545536756515502930e-01
2.583594322204589844e-01
2.638900578022003174e-01
2.592836320400238037e-01
2.583595514297485352e-01
2.610546052455902100e-01
2.571797966957092285e-01
2.585841715335845947e-01
2.577730119228363037e-01
2.567247450351715088e-01
2.534231245517730713e-01
2.477478981018066406e-01
2.539186179637908936e-01
2.507958412170410156e-01
2.484087198972702026e-01
2.621898651123046875e-01
2.551544606685638428e-01
2.455849945545196533e-01
2.503814399242401123e-01
2.483606040477752686e-01
2.503207623958587646e-01
2.509748339653015137e-01
2.498470693826675415e-01
2.511987388134002686e-01
2.439432591199874878e-01
2.421662956476211548e-01
2.410614490509033203e-01
2.482320219278335571e-01
2.438889741897583008e-01
2.466394454240798950e-01
2.435951232910156250e-01
2.538787424564361572e-01
2.472511827945709229e-01
2.480083256959915161e-01
2.447389364242553711e-01
2.428371757268905640e-01
2.500958442687988281e-01
2.394599467515945435e-01
2.399541437625885010e-01
2.502863407135009766e-01
2.427932769060134888e-01
2.494425773620605469e-01
2.415351569652557373e-01
2.415096014738082886e-01
2.384125143289566040e-01
2.360805124044418335e-01
2.329202890396118164e-01
2.382833510637283325e-01
2.356075495481491089e-01
2.355169355869293213e-01
2.322759628295898438e-01
2.354010343551635742e-01
2.335493266582489014e-01
2.290655225515365601e-01
2.331685572862625122e-01
2.303361892700195312e-01
2.335267215967178345e-01
2.363286316394805908e-01
2.438622862100601196e-01
2.319702208042144775e-01
2.356948703527450562e-01
2.329874187707901001e-01
2.300038039684295654e-01
2.280996739864349365e-01
2.256486266851425171e-01
2.251317501068115234e-01
2.346624284982681274e-01
2.298388630151748657e-01
2.388211637735366821e-01
2.292567640542984009e-01
2.334921658039093018e-01
2.289627194404602051e-01
2.289026528596878052e-01
2.286619395017623901e-01
2.358878552913665771e-01
2.260414808988571167e-01
2.283114790916442871e-01
2.317700982093811035e-01
2.319875508546829224e-01
2.256073653697967529e-01
2.201365679502487183e-01
2.295619547367095947e-01
2.251374870538711548e-01
2.293511331081390381e-01
2.244284152984619141e-01
2.254536151885986328e-01
2.178858220577239990e-01
2.272073626518249512e-01
2.249760925769805908e-01
2.239765375852584839e-01
2.238750904798507690e-01
2.225489914417266846e-01
2.187241315841674805e-01
2.219589352607727051e-01
2.192538231611251831e-01
2.191592156887054443e-01
2.156790196895599365e-01
2.210836410522460938e-01
2.192933112382888794e-01
2.181984484195709229e-01
2.176479101181030273e-01
2.218367457389831543e-01
2.246312499046325684e-01
2.246901988983154297e-01
2.157167941331863403e-01
2.259811460971832275e-01
2.187105119228363037e-01
2.224110364913940430e-01
2.158206850290298462e-01
2.141495347023010254e-01
2.197205424308776855e-01
2.183555811643600464e-01
2.205779403448104858e-01
2.197782248258590698e-01
2.220375239849090576e-01
2.184725552797317505e-01
2.231626957654953003e-01
2.133996337652206421e-01
2.186342179775238037e-01
2.168551981449127197e-01
2.144700139760971069e-01
2.130389809608459473e-01
2.245720773935317993e-01
2.089742869138717651e-01
2.179734706878662109e-01
2.124232351779937744e-01
2.168075442314147949e-01
2.123945653438568115e-01
2.150929272174835205e-01
2.196913212537765503e-01
2.125310003757476807e-01
2.095409482717514038e-01
2.099874019622802734e-01
2.079647481441497803e-01
2.184453308582305908e-01
2.199854105710983276e-01
2.090476006269454956e-01
2.085090577602386475e-01
2.098191678524017334e-01
1.937965899705886841e-01
1.916615068912506104e-01
1.913307160139083862e-01
1.902287006378173828e-01
1.892634332180023193e-01
1.889806240797042847e-01
1.935392916202545166e-01
1.945393979549407959e-01
1.901168972253799438e-01
1.934416294097900391e-01
1.926494538784027100e-01
1.890978664159774780e-01
1.887176930904388428e-01
1.930354684591293335e-01
1.915746927261352539e-01
1.915536224842071533e-01
1.900071054697036743e-01
1.914684772491455078e-01
1.890959739685058594e-01
1.883820891380310059e-01
1.887054443359375000e-01
1.886100023984909058e-01
1.880908608436584473e-01
1.918862760066986084e-01
1.899622231721878052e-01
1.902063935995101929e-01
1.890772134065628052e-01
1.845801174640655518e-01
1.853660047054290771e-01
1.897141635417938232e-01
1.873569935560226440e-01
1.864138990640640259e-01
1.913304775953292847e-01
1.880326271057128906e-01
1.861993968486785889e-01
1.861551105976104736e-01
1.869067847728729248e-01
1.876680254936218262e-01
1.891019046306610107e-01
1.886342316865921021e-01
1.847730576992034912e-01
1.841012239456176758e-01
1.888951361179351807e-01
1.846284717321395874e-01
1.846624463796615601e-01
1.881933063268661499e-01
1.897740811109542847e-01
1.871205419301986694e-01
1.845093518495559692e-01
1.869317740201950073e-01
1.832788437604904175e-01
1.873252093791961670e-01
1.847250461578369141e-01
1.862100809812545776e-01
1.841790527105331421e-01
1.901387274265289307e-01
1.881966441869735718e-01
1.847424060106277466e-01
1.842682063579559326e-01
1.845396161079406738e-01
1.857818067073822021e-01
1.847510635852813721e-01
1.810648888349533081e-01
1.833562254905700684e-01
1.826667636632919312e-01
1.825983226299285889e-01
1.837503165006637573e-01
1.823823899030685425e-01
1.839964240789413452e-01
1.853049546480178833e-01
1.867368221282958984e-01
1.798685193061828613e-01
1.836493611335754395e-01
1.828904747962951660e-01
1.803573668003082275e-01
1.842334866523742676e-01
1.833420544862747192e-01
1.814230084419250488e-01
1.806712001562118530e-01
1.824203729629516602e-01
1.814457923173904419e-01
1.775666177272796631e-01
1.831583082675933838e-01
1.835159510374069214e-01
1.779526919126510620e-01
1.897898465394973755e-01
1.803272217512130737e-01
1.791200786828994751e-01
1.792734563350677490e-01
1.821967214345932007e-01
1.810429990291595459e-01
1.807158440351486206e-01
1.828486919403076172e-01
1.848101019859313965e-01
1.799589693546295166e-01
1.820293962955474854e-01
1.809924989938735962e-01
1.817456483840942383e-01
1.790042072534561157e-01
1.771361380815505981e-01
1.790342330932617188e-01
1.873301118612289429e-01
1.810601502656936646e-01
1.789015829563140869e-01
1.795719265937805176e-01
1.787263453006744385e-01
1.792417913675308228e-01
1.744160354137420654e-01
1.792871654033660889e-01
1.813065707683563232e-01
1.776699572801589966e-01
1.805709302425384521e-01
1.780612170696258545e-01
1.788877844810485840e-01
1.801796853542327881e-01
1.836737245321273804e-01
1.798515021800994873e-01
1.832023710012435913e-01
1.819227635860443115e-01
1.789335459470748901e-01
1.811420917510986328e-01
1.752974390983581543e-01
1.757804304361343384e-01
1.789057850837707520e-01
1.799208521842956543e-01
1.751762926578521729e-01
1.777714192867279053e-01
1.751292496919631958e-01
1.763991415500640869e-01
1.774535328149795532e-01
1.769945472478866577e-01
1.817382723093032837e-01
1.767772436141967773e-01
1.736702919006347656e-01
1.754929125308990479e-01
1.772124916315078735e-01
1.779028773307800293e-01
1.752527058124542236e-01
1.773126274347305298e-01
1.750486344099044800e-01
1.777180284261703491e-01
1.780262887477874756e-01
1.822618544101715088e-01
1.773927807807922363e-01
1.762735545635223389e-01
1.751245111227035522e-01
1.745008975267410278e-01
1.726787388324737549e-01
1.753262430429458618e-01
1.755698621273040771e-01
1.750954687595367432e-01
1.740523129701614380e-01
1.753192543983459473e-01
1.758226454257965088e-01
1.755926460027694702e-01
1.775553822517395020e-01
1.740251779556274414e-01
1.745030730962753296e-01
1.767877489328384399e-01
1.817387789487838745e-01
1.723034828901290894e-01
1.792058944702148438e-01
1.747620701789855957e-01
1.764932423830032349e-01
1.770976334810256958e-01
1.773500293493270874e-01
1.748050004243850708e-01
1.778157353401184082e-01
1.781111359596252441e-01
1.745955049991607666e-01
1.760063767433166504e-01
1.767749041318893433e-01
1.728188395500183105e-01
1.758164763450622559e-01
1.727166324853897095e-01
1.747711747884750366e-01
1.772434264421463013e-01
1.769692450761795044e-01
1.763894259929656982e-01
1.720344275236129761e-01
1.728530824184417725e-01
1.754462420940399170e-01
1.788128167390823364e-01
1.759620308876037598e-01
1.726861000061035156e-01
1.736881136894226074e-01
1.749631911516189575e-01
1.745963245630264282e-01
1.735227704048156738e-01
1.717609763145446777e-01
1.726462841033935547e-01
1.742742061614990234e-01
1.763412803411483765e-01
1.793640702962875366e-01
1.721018701791763306e-01
1.723140329122543335e-01
1.717890948057174683e-01
1.725686490535736084e-01
1.717783808708190918e-01
1.704051196575164795e-01
1.633387655019760132e-01
1.625288128852844238e-01
1.617601513862609863e-01
1.611909717321395874e-01
1.594347208738327026e-01
1.621122509241104126e-01
1.610652953386306763e-01
1.584426760673522949e-01
1.620828211307525635e-01
1.608926653861999512e-01
1.612123101949691772e-01
1.611978411674499512e-01
1.625160276889801025e-01
1.573446244001388550e-01
1.616840064525604248e-01
1.605253219604492188e-01
1.594553887844085693e-01
1.583475470542907715e-01
1.604334414005279541e-01
1.599136590957641602e-01
1.586390435695648193e-01
1.614426821470260620e-01
1.592934727668762207e-01
1.567141115665435791e-01
1.594585776329040527e-01
1.590478122234344482e-01
1.584262698888778687e-01
1.575219929218292236e-01
1.618902832269668579e-01
1.599852591753005981e-01
1.573242843151092529e-01
1.608037352561950684e-01
1.598570495843887329e-01
1.586841046810150146e-01
1.581016480922698975e-01
1.598896682262420654e-01
1.578218191862106323e-01
1.589919775724411011e-01
1.570614874362945557e-01
1.577072292566299438e-01
1.571384370326995850e-01
1.577302515506744385e-01
1.588616669178009033e-01
1.586302965879440308e-01
1.590021848678588867e-01
1.580370962619781494e-01
1.574128866195678711e-01
1.602251231670379639e-01
1.615253984928131104e-01
1.587851345539093018e-01
1.597706377506256104e-01
1.572183370590209961e-01
1.564970463514328003e-01
1.593266874551773071e-01
1.565152704715728760e-01
1.572342813014984131e-01
1.562360078096389771e-01
1.577097028493881226e-01
1.577383875846862793e-01
1.587716639041900635e-01
1.570677310228347778e-01
1.588329225778579712e-01
1.564848870038986206e-01
1.613322496414184570e-01
1.575250327587127686e-01
1.548851430416107178e-01
1.580343544483184814e-01
1.574835032224655151e-01
1.586594581604003906e-01
1.551932394504547119e-01
1.566697806119918823e-01
1.572801619768142700e-01
1.585475802421569824e-01
1.571953594684600830e-01
1.570416092872619629e-01
1.575965583324432373e-01
1.559456437826156616e-01
1.568176150321960449e-01
1.567366719245910645e-01
1.570659130811691284e-01
1.569783240556716919e-01
1.576189845800399780e-01
1.552084237337112427e-01
1.582603007555007935e-01
1.566737890243530273e-01
1.545997262001037598e-01
1.550582796335220337e-01
1.587749719619750977e-01
1.557899862527847290e-01
1.562588065862655640e-01
1.565029174089431763e-01
1.587444990873336792e-01
1.555864214897155762e-01
1.536361575126647949e-01
1.572007089853286743e-01
1.554559469223022461e-01
1.603606492280960083e-01
1.547693610191345215e-01
1.577744781970977783e-01
1.570715606212615967e-01
1.565618664026260376e-01
1.563114821910858154e-01
1.540394276380538940e-01
1.552171707153320312e-01
1.560014188289642334e-01
1.559679210186004639e-01
1.587003469467163086e-01
1.563514322042465210e-01
1.540588438510894775e-01
1.600414067506790161e-01
1.549383848905563354e-01
1.561525762081146240e-01
1.550794690847396851e-01
1.568021029233932495e-01
1.553468555212020874e-01
1.565872430801391602e-01
1.548783779144287109e-01
1.551868021488189697e-01
1.543766707181930542e-01
1.556463986635208130e-01
1.557974070310592651e-01
1.557882130146026611e-01
1.564115136861801147e-01
1.516690850257873535e-01
1.540356278419494629e-01
1.538202762603759766e-01
1.541497558355331421e-01
1.554361432790756226e-01
1.525101363658905029e-01
1.551465541124343872e-01
1.553197205066680908e-01
1.562611460685729980e-01
1.538579612970352173e-01
1.565067619085311890e-01
1.596533358097076416e-01
1.579415649175643921e-01
1.584329009056091309e-01
1.560891866683959961e-01
1.527360379695892334e-01
1.558659970760345459e-01
1.524642407894134521e-01
1.550211012363433838e-01
1.538779437541961670e-01
1.590732187032699585e-01
1.527134180068969727e-01
1.542572528123855591e-01
1.540301293134689331e-01
1.526840031147003174e-01
1.538854092359542847e-01
1.529907882213592529e-01
1.532368063926696777e-01
1.541123390197753906e-01
1.522932648658752441e-01
1.547887921333312988e-01
1.531608849763870239e-01
1.525502502918243408e-01
1.537846922874450684e-01
1.506613045930862427e-01
1.531394869089126587e-01
1.549380868673324585e-01
1.515203565359115601e-01
1.547642499208450317e-01
1.528606116771697998e-01
1.526103317737579346e-01
1.544668078422546387e-01
1.534616500139236450e-01
1.514640301465988159e-01
1.537106931209564209e-01
1.525548994541168213e-01
1.535289585590362549e-01
1.566855758428573608e-01
1.549403965473175049e-01
1.530612409114837646e-01
1.526349186897277832e-01
1.523878127336502075e-01
1.521605253219604492e-01
1.535809338092803955e-01
1.536659598350524902e-01
1.509347259998321533e-01
1.587491184473037720e-01
1.533608436584472656e-01
1.531923115253448486e-01
1.550812572240829468e-01
1.536214351654052734e-01
1.541436910629272461e-01
1.521368622779846191e-01
1.505957245826721191e-01
1.521792411804199219e-01
1.519731581211090088e-01
1.504426449537277222e-01
1.548281610012054443e-01
1.543652564287185669e-01
1.511092483997344971e-01
1.528284251689910889e-01
1.513963639736175537e-01
1.522448509931564331e-01
1.531751751899719238e-01
1.524073779582977295e-01
1.524666398763656616e-01
1.527923643589019775e-01
