2.256545424461364746e-01 5.656014680862426758e-01
8.789631724357604980e-02 3.534627854824066162e-01
6.930986046791076660e-02 3.055592477321624756e-01
5.786943808197975159e-02 2.926209270954132080e-01
5.821713060140609741e-02 2.785239219665527344e-01
4.848433658480644226e-02 2.591312527656555176e-01
4.834856092929840088e-02 2.483232766389846802e-01
4.614161327481269836e-02 2.414189577102661133e-01
3.886097669601440430e-02 2.386778295040130615e-01
3.925268724560737610e-02 2.347099632024765015e-01
3.732894361019134521e-02 2.254697829484939575e-01
3.525639325380325317e-02 2.123695462942123413e-01
3.435290604829788208e-02 2.145493030548095703e-01
3.092282637953758240e-02 2.129275500774383545e-01
2.727733552455902100e-02 1.975425332784652710e-01
2.994769066572189331e-02 1.947301030158996582e-01
2.879651822149753571e-02 1.932091563940048218e-01
2.754923328757286072e-02 1.916267275810241699e-01
2.494062110781669617e-02 1.866465657949447632e-01
2.411158196628093719e-02 1.963006258010864258e-01
2.665420994162559509e-02 1.950958669185638428e-01
2.296160534024238586e-02 1.802904903888702393e-01
2.137855067849159241e-02 1.756564378738403320e-01
2.260852605104446411e-02 1.717303544282913208e-01
2.402839437127113342e-02 1.787352263927459717e-01
2.287648804485797882e-02 1.716311424970626831e-01
2.567462064325809479e-02 1.744707375764846802e-01
2.197545580565929413e-02 1.731693893671035767e-01
2.239499054849147797e-02 1.636090576648712158e-01
2.172568067908287048e-02 1.717197000980377197e-01
2.218965999782085419e-02 1.693723201751708984e-01
2.128802612423896790e-02 1.626726984977722168e-01
2.031094394624233246e-02 1.624526679515838623e-01
2.339255996048450470e-02 1.662653833627700806e-01
2.264443226158618927e-02 1.578724086284637451e-01
2.054847776889801025e-02 1.642335355281829834e-01
2.200317755341529846e-02 1.729663610458374023e-01
1.864110678434371948e-02 1.531974971294403076e-01
1.888762600719928741e-02 1.624309420585632324e-01
2.132891677320003510e-02 1.547643542289733887e-01
2.154658362269401550e-02 1.567138880491256714e-01
1.760048978030681610e-02 1.559625118970870972e-01
1.966138742864131927e-02 1.514646261930465698e-01
2.149960026144981384e-02 1.560244560241699219e-01
1.900273561477661133e-02 1.511699110269546509e-01
1.983022876083850861e-02 1.520178467035293579e-01
1.795489713549613953e-02 1.501185745000839233e-01
1.766712032258510590e-02 1.539535820484161377e-01
1.900791749358177185e-02 1.557369828224182129e-01
1.776757650077342987e-02 1.450506001710891724e-01
1.751564815640449524e-02 1.452475339174270630e-01
1.702626235783100128e-02 1.455954015254974365e-01
1.853611879050731659e-02 1.482538431882858276e-01
1.932140439748764038e-02 1.461974829435348511e-01
1.729351095855236053e-02 1.447785198688507080e-01
1.684627868235111237e-02 1.381529569625854492e-01
1.601303555071353912e-02 1.441639363765716553e-01
1.867140457034111023e-02 1.462094634771347046e-01
1.539545133709907532e-02 1.364559829235076904e-01
1.863307692110538483e-02 1.482882201671600342e-01
1.764707267284393311e-02 1.429910361766815186e-01
1.561599783599376678e-02 1.353173851966857910e-01
1.613768935203552246e-02 1.376137137413024902e-01
1.750713586807250977e-02 1.411769688129425049e-01
1.765814796090126038e-02 1.353087574243545532e-01
1.594888046383857727e-02 1.388119906187057495e-01
1.645012199878692627e-02 1.381229460239410400e-01
1.666826382279396057e-02 1.356399804353713989e-01
1.620331592857837677e-02 1.361873745918273926e-01
1.792061515152454376e-02 1.336562186479568481e-01
1.707706786692142487e-02 1.335549950599670410e-01
1.652315631508827209e-02 1.299938857555389404e-01
1.542282942682504654e-02 1.283683478832244873e-01
1.746593974530696869e-02 1.311691999435424805e-01
1.560168340802192688e-02 1.307138055562973022e-01
1.505385804921388626e-02 1.276612430810928345e-01
1.789453439414501190e-02 1.361223906278610229e-01
1.666128635406494141e-02 1.327406018972396851e-01
1.496870815753936768e-02 1.264551430940628052e-01
1.543139945715665817e-02 1.287383884191513062e-01
1.542954798787832260e-02 1.293372660875320435e-01
1.533226482570171356e-02 1.286865472793579102e-01
1.580766588449478149e-02 1.306765079498291016e-01
1.530392188578844070e-02 1.271381080150604248e-01
1.670375093817710876e-02 1.258089244365692139e-01
1.481097843497991562e-02 1.235430464148521423e-01
1.449329685419797897e-02 1.236306950449943542e-01
1.473196037113666534e-02 1.218694075942039490e-01
1.521162968128919601e-02 1.268290579319000244e-01
1.400159299373626709e-02 1.242761388421058655e-01
1.694018766283988953e-02 1.223398819565773010e-01
1.679115369915962219e-02 1.195776090025901794e-01
1.841982081532478333e-02 1.254321932792663574e-01
1.613926701247692108e-02 1.234819740056991577e-01
1.568483188748359680e-02 1.230947747826576233e-01
1.521723531186580658e-02 1.231307163834571838e-01
1.495851390063762665e-02 1.204629093408584595e-01
1.659203507006168365e-02 1.248008608818054199e-01
1.538124587386846542e-02 1.182166859507560730e-01
1.546932663768529892e-02 1.174070835113525391e-01
1.584536582231521606e-02 1.238002777099609375e-01
1.429729815572500229e-02 1.219678297638893127e-01
1.723261363804340363e-02 1.231379956007003784e-01
1.476163137704133987e-02 1.201814338564872742e-01
1.505451090633869171e-02 1.185941323637962341e-01
1.405841391533613205e-02 1.178841143846511841e-01
1.342338696122169495e-02 1.176373213529586792e-01
1.392963994294404984e-02 1.142419949173927307e-01
1.488864421844482422e-02 1.169065907597541809e-01
1.481635775417089462e-02 1.131852865219116211e-01
1.563442498445510864e-02 1.119877099990844727e-01
1.451443508267402649e-02 1.122210845351219177e-01
1.478955242782831192e-02 1.124330535531044006e-01
1.419466454535722733e-02 1.117950975894927979e-01
1.336117461323738098e-02 1.091788560152053833e-01
1.392210368067026138e-02 1.120194792747497559e-01
1.178948208689689636e-02 1.112684458494186401e-01
1.331797800958156586e-02 1.123341470956802368e-01
1.453003566712141037e-02 1.146916821599006653e-01
1.514353416860103607e-02 1.209311187267303467e-01
1.305935624986886978e-02 1.119644269347190857e-01
1.494462881237268448e-02 1.138972491025924683e-01
1.459317561239004135e-02 1.112580820918083191e-01
1.343183126300573349e-02 1.120528057217597961e-01
1.356464903801679611e-02 1.084051355719566345e-01
1.351016014814376831e-02 1.066338568925857544e-01
1.196662709116935730e-02 1.074736788868904114e-01
1.617518439888954163e-02 1.103183701634407043e-01
1.406073197722434998e-02 1.081166788935661316e-01
1.509090419858694077e-02 1.138337552547454834e-01
1.382773090153932571e-02 1.097180843353271484e-01
1.389673911035060883e-02 1.133070439100265503e-01
1.417307741940021515e-02 1.073166877031326294e-01
1.221272815018892288e-02 1.073989793658256531e-01
1.263763383030891418e-02 1.078401356935501099e-01
1.501221861690282822e-02 1.086970567703247070e-01
1.316535100340843201e-02 1.050349697470664978e-01
1.581125147640705109e-02 1.061263903975486755e-01
1.579668186604976654e-02 1.096706688404083252e-01
1.399710215628147125e-02 1.119954064488410950e-01
1.374208368360996246e-02 1.060545146465301514e-01
1.321227382868528366e-02 1.005394756793975830e-01
1.526565290987491608e-02 1.067736446857452393e-01
1.312241610139608383e-02 1.057445853948593140e-01
1.341293659061193466e-02 1.091906726360321045e-01
1.321953628212213516e-02 1.058842241764068604e-01
1.296388171613216400e-02 1.067481637001037598e-01
1.211492624133825302e-02 1.018522828817367554e-01
1.436233893036842346e-02 1.049167215824127197e-01
1.386318542063236237e-02 1.035624966025352478e-01
1.251291017979383469e-02 1.052258461713790894e-01
1.460962183773517609e-02 1.024466753005981445e-01
1.243558432906866074e-02 1.047413572669029236e-01
1.318606268614530563e-02 9.994335472583770752e-02
1.272891927510499954e-02 1.014596521854400635e-01
1.239831931889057159e-02 1.014087870717048645e-01
1.245391741394996643e-02 9.921523183584213257e-02
1.226995699107646942e-02 9.781068563461303711e-02
1.305416319519281387e-02 1.008300706744194031e-01
1.324317138642072678e-02 9.941966831684112549e-02
1.354231126606464386e-02 9.727904200553894043e-02
1.192814391106367111e-02 9.955747425556182861e-02
1.362468674778938293e-02 9.989032149314880371e-02
1.600758917629718781e-02 1.003039553761482239e-01
1.423761807382106781e-02 9.996782988309860229e-02
1.276954542845487595e-02 9.864944964647293091e-02
1.377053372561931610e-02 1.033589690923690796e-01
1.248819194734096527e-02 1.006090268492698669e-01
1.257343869656324387e-02 1.025147065520286560e-01
1.206114701926708221e-02 9.885507076978683472e-02
1.184139773249626160e-02 9.830109775066375732e-02
1.302030123770236969e-02 9.908845275640487671e-02
1.325231604278087616e-02 9.812800586223602295e-02
1.407258678227663040e-02 9.832583367824554443e-02
1.223000977188348770e-02 1.003042757511138916e-01
1.477839518338441849e-02 9.995932877063751221e-02
1.295617409050464630e-02 9.865453094244003296e-02
1.302203349769115448e-02 1.023312956094741821e-01
1.193431206047534943e-02 9.684760123491287231e-02
1.242909673601388931e-02 9.963461756706237793e-02
1.240051630884408951e-02 9.909850358963012695e-02
1.315639726817607880e-02 9.694407880306243896e-02
1.294636540114879608e-02 9.545250236988067627e-02
1.484148204326629639e-02 1.006901711225509644e-01
1.182175893336534500e-02 9.434168785810470581e-02
1.444119494408369064e-02 9.486273676156997681e-02
1.187633071094751358e-02 9.384714066982269287e-02
1.365523412823677063e-02 9.576912969350814819e-02
1.265383977442979813e-02 9.453064948320388794e-02
1.313721109181642532e-02 9.493771195411682129e-02
1.377228647470474243e-02 9.758206456899642944e-02
1.237448770552873611e-02 9.440606087446212769e-02
1.167591661214828491e-02 9.317889809608459473e-02
1.280758809298276901e-02 9.169010072946548462e-02
1.141782943159341812e-02 9.154600650072097778e-02
1.212911773473024368e-02 9.895595908164978027e-02
1.235395856201648712e-02 1.012445762753486633e-01
1.265177689492702484e-02 9.174069762229919434e-02
1.146983448415994644e-02 9.252324700355529785e-02
1.186729781329631805e-02 9.237220138311386108e-02
1.024352386593818665e-02 8.290243148803710938e-02
9.825295768678188324e-03 8.121647685766220093e-02
1.009492110460996628e-02 7.899445295333862305e-02
9.577061049640178680e-03 7.872264832258224487e-02
9.413659572601318359e-03 7.924661040306091309e-02
9.676272980868816376e-03 7.832852751016616821e-02
9.970420040190219879e-03 8.110017329454421997e-02
1.067026145756244659e-02 7.968655973672866821e-02
9.997081011533737183e-03 7.836281508207321167e-02
9.565659798681735992e-03 7.992330193519592285e-02
9.826743975281715393e-03 8.037904649972915649e-02
9.517462924122810364e-03 7.872527092695236206e-02
9.879666380584239960e-03 7.712259888648986816e-02
1.048448402434587479e-02 7.994285225868225098e-02
9.718766435980796814e-03 7.947045564651489258e-02
9.524813853204250336e-03 7.969307899475097656e-02
9.966004639863967896e-03 7.893214374780654907e-02
1.014653313905000687e-02 7.857330143451690674e-02
9.534122422337532043e-03 7.661926746368408203e-02
9.958206675946712494e-03 7.687877118587493896e-02
1.006311364471912384e-02 7.681493461132049561e-02
9.494280442595481873e-03 7.797024399042129517e-02
9.128763340413570404e-03 7.853499054908752441e-02
9.916996583342552185e-03 7.853977382183074951e-02
9.904707781970500946e-03 7.846127450466156006e-02
9.640650823712348938e-03 7.779763638973236084e-02
9.476047009229660034e-03 7.625092566013336182e-02
9.430811740458011627e-03 7.488373667001724243e-02
9.124969132244586945e-03 7.509816437959671021e-02
1.036277413368225098e-02 7.617305964231491089e-02
9.849403984844684601e-03 7.588414102792739868e-02
9.170157834887504578e-03 7.569712400436401367e-02
1.000772323459386826e-02 7.800565659999847412e-02
9.427005425095558167e-03 7.653803378343582153e-02
9.683733806014060974e-03 7.544615119695663452e-02
9.600940160453319550e-03 7.589951902627944946e-02
9.757970459759235382e-03 7.436188310384750366e-02
9.815893135964870453e-03 7.552103698253631592e-02
9.446376934647560120e-03 7.789365202188491821e-02
9.815878234803676605e-03 7.596293091773986816e-02
9.372895583510398865e-03 7.430116832256317139e-02
8.842593990266323090e-03 7.543254643678665161e-02
9.643242694437503815e-03 7.720005512237548828e-02
9.262124076485633850e-03 7.500676065683364868e-02
9.621119126677513123e-03 7.474873960018157959e-02
9.612259455025196075e-03 7.614041864871978760e-02
9.903151541948318481e-03 7.669298350811004639e-02
9.468712843954563141e-03 7.569308578968048096e-02
9.312720037996768951e-03 7.423721253871917725e-02
9.409212507307529449e-03 7.532899081707000732e-02
9.227307513356208801e-03 7.370607554912567139e-02
9.769226424396038055e-03 7.427641004323959351e-02
9.499347768723964691e-03 7.529731839895248413e-02
9.519677609205245972e-03 7.520888000726699829e-02
9.416035376489162445e-03 7.323551177978515625e-02
9.763820096850395203e-03 7.682821154594421387e-02
9.400809183716773987e-03 7.567926496267318726e-02
9.345659986138343811e-03 7.401943951845169067e-02
9.187228046357631683e-03 7.417713850736618042e-02
1.028106268495321274e-02 7.156562805175781250e-02
1.114370860159397125e-02 7.300491631031036377e-02
9.596969932317733765e-03 7.345738261938095093e-02
9.245684370398521423e-03 7.173107564449310303e-02
8.988471701741218567e-03 7.191590964794158936e-02
8.752807043492794037e-03 7.230355590581893921e-02
8.547070436179637909e-03 7.287921011447906494e-02
8.844204246997833252e-03 7.345151156187057495e-02
9.233434684574604034e-03 7.173547148704528809e-02
8.927051909267902374e-03 7.323607802391052246e-02
9.404030628502368927e-03 7.231736928224563599e-02
9.470676071941852570e-03 7.492411881685256958e-02
8.652325719594955444e-03 7.130087912082672119e-02
9.070842526853084564e-03 7.297809422016143799e-02
8.593774400651454926e-03 7.367353141307830811e-02
8.563984185457229614e-03 7.098060846328735352e-02
8.444505743682384491e-03 7.381489127874374390e-02
9.542237967252731323e-03 7.032568752765655518e-02
8.994364179670810699e-03 7.046308368444442749e-02
9.197695180773735046e-03 7.010778039693832397e-02
8.471375331282615662e-03 7.244105637073516846e-02
8.738394826650619507e-03 7.175032794475555420e-02
8.283647708594799042e-03 6.937649846076965332e-02
9.603448212146759033e-03 6.979054212570190430e-02
8.327998220920562744e-03 7.295684516429901123e-02
8.037328720092773438e-03 7.007724046707153320e-02
8.549389429390430450e-03 7.828408479690551758e-02
8.576017804443836212e-03 7.112025469541549683e-02
8.525460958480834961e-03 6.909435242414474487e-02
8.508855476975440979e-03 7.017406821250915527e-02
8.660969324409961700e-03 7.240974158048629761e-02
8.320105262100696564e-03 7.166574895381927490e-02
8.992960676550865173e-03 7.057076692581176758e-02
9.072028100490570068e-03 7.081108540296554565e-02
9.188030846416950226e-03 7.287100702524185181e-02
8.683225139975547791e-03 6.983471661806106567e-02
8.810941129922866821e-03 7.069291174411773682e-02
8.628854528069496155e-03 7.102401554584503174e-02
8.823010139167308807e-03 7.022044062614440918e-02
9.556955657899379730e-03 6.837923079729080200e-02
8.619545027613639832e-03 6.866505742073059082e-02
8.920266292989253998e-03 6.854624301195144653e-02
9.804512374103069305e-03 7.351355999708175659e-02
9.048831649124622345e-03 7.141787558794021606e-02
8.374013006687164307e-03 6.970633566379547119e-02
8.310937322676181793e-03 7.113716006278991699e-02
8.497923612594604492e-03 6.919214874505996704e-02
8.163754828274250031e-03 7.064385712146759033e-02
7.864249870181083679e-03 6.739136576652526855e-02
8.313279598951339722e-03 6.984964758157730103e-02
9.140278212726116180e-03 6.855202466249465942e-02
8.818161673843860626e-03 6.882252544164657593e-02
9.153401479125022888e-03 6.924440711736679077e-02
8.419925346970558167e-03 6.771069765090942383e-02
8.599370718002319336e-03 6.851640343666076660e-02
8.975952863693237305e-03 7.000792771577835083e-02
1.033027935773134232e-02 6.923940777778625488e-02
9.166907519102096558e-03 6.883402913808822632e-02
8.789299987256526947e-03 7.183197140693664551e-02
8.576148189604282379e-03 7.125797122716903687e-02
8.688402362167835236e-03 6.906463950872421265e-02
8.860661648213863373e-03 6.994795799255371094e-02
8.176875300705432892e-03 6.705944240093231201e-02
8.116535842418670654e-03 6.854851543903350830e-02
8.870830759406089783e-03 6.840011477470397949e-02
8.368058130145072937e-03 6.996756792068481445e-02
8.163674734532833099e-03 6.700108200311660767e-02
8.095582015812397003e-03 6.928530335426330566e-02
8.718879893422126770e-03 6.665887683629989624e-02
8.318728767335414886e-03 6.843852996826171875e-02
8.239195682108402252e-03 6.786147505044937134e-02
8.468471467494964600e-03 6.770665943622589111e-02
9.602592326700687408e-03 6.817092001438140869e-02
8.597684092819690704e-03 6.712929159402847290e-02
8.003460243344306946e-03 6.624498218297958374e-02
7.985736243426799774e-03 6.680957973003387451e-02
7.856594398617744446e-03 6.863807141780853271e-02
8.407202549278736115e-03 6.789711862802505493e-02
8.912612684071063995e-03 6.656896322965621948e-02
8.725774474442005157e-03 6.585335731506347656e-02
8.122556842863559723e-03 6.680577248334884644e-02
8.381015621125698090e-03 6.826239824295043945e-02
8.956002071499824524e-03 6.739456951618194580e-02
9.308764711022377014e-03 6.985563039779663086e-02
8.394007571041584015e-03 6.826441735029220581e-02
8.320192806422710419e-03 6.774966418743133545e-02
7.884403690695762634e-03 6.665901094675064087e-02
8.145399391651153564e-03 6.598541885614395142e-02
7.968347519636154175e-03 6.584507972002029419e-02
8.445624262094497681e-03 6.512036174535751343e-02
8.516994304955005646e-03 6.692017614841461182e-02
8.103262633085250854e-03 6.671258807182312012e-02
8.121904917061328888e-03 6.569562852382659912e-02
8.020827546715736389e-03 6.725317239761352539e-02
8.424073457717895508e-03 6.628571450710296631e-02
8.533055894076824188e-03 6.608036160469055176e-02
9.276525117456912994e-03 6.764883548021316528e-02
8.535047993063926697e-03 6.571092456579208374e-02
8.279073983430862427e-03 6.646669656038284302e-02
9.112057276070117950e-03 6.553655117750167847e-02
8.810140192508697510e-03 6.997119635343551636e-02
7.745314389467239380e-03 6.556013226509094238e-02
8.999161422252655029e-03 6.741432100534439087e-02
8.492294698953628540e-03 6.600295752286911011e-02
8.633287623524665833e-03 6.632904708385467529e-02
8.836686611175537109e-03 6.692989915609359741e-02
9.168588556349277496e-03 6.672949343919754028e-02
8.210493251681327820e-03 6.595157086849212646e-02
9.282045066356658936e-03 6.659948825836181641e-02
8.377926424145698547e-03 6.900741159915924072e-02
8.665480650961399078e-03 6.585238128900527954e-02
8.563200011849403381e-03 6.494878232479095459e-02
8.330132812261581421e-03 6.824918836355209351e-02
8.417431265115737915e-03 6.449540704488754272e-02
8.464732207357883453e-03 6.603100895881652832e-02
8.159073069691658020e-03 6.422005593776702881e-02
8.359195664525032043e-03 6.568349897861480713e-02
8.296022191643714905e-03 6.741813570261001587e-02
8.785085752606391907e-03 6.676457077264785767e-02
9.003206156194210052e-03 6.538254767656326294e-02
8.086889982223510742e-03 6.336667388677597046e-02
8.450255729258060455e-03 6.387316435575485229e-02
7.582393009215593338e-03 6.746228039264678955e-02
8.453595452010631561e-03 6.768644601106643677e-02
8.022041991353034973e-03 6.749477982521057129e-02
8.350791409611701965e-03 6.437215209007263184e-02
7.807154674082994461e-03 6.687009334564208984e-02
7.814114913344383240e-03 6.562526524066925049e-02
8.325863629579544067e-03 6.472615152597427368e-02
8.429239504039287567e-03 6.459181755781173706e-02
8.204733021557331085e-03 6.423322111368179321e-02
8.527053520083427429e-03 6.479680538177490234e-02
8.688916452229022980e-03 6.557589024305343628e-02
9.027535095810890198e-03 6.671726703643798828e-02
8.723313920199871063e-03 6.838724762201309204e-02
8.200099691748619080e-03 6.393324583768844604e-02
8.443691767752170563e-03 6.408911198377609253e-02
7.794874720275402069e-03 6.429468840360641479e-02
7.675459608435630798e-03 6.567924469709396362e-02
7.936154492199420929e-03 6.324149668216705322e-02
7.643394637852907181e-03 6.507092714309692383e-02
7.217332720756530762e-03 5.921749025583267212e-02
7.213373202830553055e-03 5.802227556705474854e-02
7.106980774551630020e-03 5.798612907528877258e-02
7.311244029551744461e-03 5.647251382470130920e-02
7.141347508877515793e-03 5.632154271006584167e-02
7.319113705307245255e-03 5.803875625133514404e-02
7.407346740365028381e-03 5.685996264219284058e-02
6.733367685228586197e-03 5.576331913471221924e-02
6.702077109366655350e-03 5.809737369418144226e-02
7.051161490380764008e-03 5.658911913633346558e-02
7.075417321175336838e-03 5.731999501585960388e-02
7.179975043982267380e-03 5.672531202435493469e-02
7.330256048589944839e-03 5.705691501498222351e-02
6.683851126581430435e-03 5.496947467327117920e-02
7.057311013340950012e-03 5.749823898077011108e-02
7.310768123716115952e-03 5.684200301766395569e-02
6.614618003368377686e-03 5.671213194727897644e-02
6.987445056438446045e-03 5.585871636867523193e-02
6.946895737200975418e-03 5.688935145735740662e-02
6.818385329097509384e-03 5.691483244299888611e-02
6.784555502235889435e-03 5.518195778131484985e-02
6.977562326937913895e-03 5.674940720200538635e-02
6.786331068724393845e-03 5.670132488012313843e-02
6.571571342647075653e-03 5.507675930857658386e-02
6.924381013959646225e-03 5.678532272577285767e-02
6.809747312217950821e-03 5.601296573877334595e-02
6.924402434378862381e-03 5.470648407936096191e-02
6.808783393353223801e-03 5.543896555900573730e-02
6.970169488340616226e-03 5.659732595086097717e-02
7.140623871237039566e-03 5.586927756667137146e-02
6.903319619596004486e-03 5.512845888733863831e-02
7.003465201705694199e-03 5.629331618547439575e-02
6.989626679569482803e-03 5.630178004503250122e-02
6.934285629540681839e-03 5.545235797762870789e-02
6.818472873419523239e-03 5.489709973335266113e-02
6.949057802557945251e-03 5.602538585662841797e-02
6.822163704782724380e-03 5.507162213325500488e-02
7.079286966472864151e-03 5.570284649729728699e-02
6.859024055302143097e-03 5.465248972177505493e-02
6.700904108583927155e-03 5.560698360204696655e-02
6.360255181789398193e-03 5.516973510384559631e-02
6.420600693672895432e-03 5.558137595653533936e-02
6.942739244550466537e-03 5.538444221019744873e-02
7.262788247317075729e-03 5.438203737139701843e-02
7.084970362484455109e-03 5.498427152633666992e-02
7.023832760751247406e-03 5.486406013369560242e-02
6.889491807669401169e-03 5.523466691374778748e-02
7.152394391596317291e-03 5.588767305016517639e-02
7.512385491281747818e-03 5.563845112919807434e-02
6.887800991535186768e-03 5.511943623423576355e-02
6.741873454302549362e-03 5.643173307180404663e-02
6.901428569108247757e-03 5.425480753183364868e-02
6.882162764668464661e-03 5.372184142470359802e-02
6.790156941860914230e-03 5.546933785080909729e-02
6.578050088137388229e-03 5.453193187713623047e-02
6.575426086783409119e-03 5.559699237346649170e-02
6.690797396004199982e-03 5.382729694247245789e-02
6.883388850837945938e-03 5.448574945330619812e-02
6.458871997892856598e-03 5.469791218638420105e-02
6.931244395673274994e-03 5.473908036947250366e-02
6.992444861680269241e-03 5.428285524249076843e-02
6.705522071570158005e-03 5.613921582698822021e-02
7.045580074191093445e-03 5.446155369281768799e-02
7.413364946842193604e-03 5.546259880065917969e-02
7.013317197561264038e-03 5.461540445685386658e-02
6.911034230142831802e-03 5.304246768355369568e-02
7.219422608613967896e-03 5.425211787223815918e-02
6.716387346386909485e-03 5.498743057250976562e-02
6.761980708688497543e-03 5.514993891119956970e-02
6.566423922777175903e-03 5.315138772130012512e-02
6.762933451682329178e-03 5.439513176679611206e-02
6.805751938372850418e-03 5.407747998833656311e-02
6.884730421006679535e-03 5.489610508084297180e-02
6.823744624853134155e-03 5.447494238615036011e-02
6.702143698930740356e-03 5.408696830272674561e-02
6.586753763258457184e-03 5.507710203528404236e-02
6.727213505655527115e-03 5.395882204174995422e-02
7.142410613596439362e-03 5.321838334202766418e-02
7.019045297056436539e-03 5.370902270078659058e-02
6.958100479096174240e-03 5.443492159247398376e-02
6.539898924529552460e-03 5.429608374834060669e-02
6.793811451643705368e-03 5.450412631034851074e-02
6.744975224137306213e-03 5.269227176904678345e-02
6.801176816225051880e-03 5.494992807507514954e-02
6.834398955106735229e-03 5.404778942465782166e-02
6.532402709126472473e-03 5.314850062131881714e-02
6.792649161070585251e-03 5.251294001936912537e-02
6.878706626594066620e-03 5.488827824592590332e-02
6.513854954391717911e-03 5.411832779645919800e-02
6.713831331580877304e-03 5.341883003711700439e-02
6.533198989927768707e-03 5.445717275142669678e-02
7.327069994062185287e-03 5.405935272574424744e-02
6.666942965239286423e-03 5.357824638485908508e-02
6.554574239999055862e-03 5.209871381521224976e-02
6.584349088370800018e-03 5.431659519672393799e-02
6.905234418809413910e-03 5.318888276815414429e-02
8.316340856254100800e-03 5.390411242842674255e-02
6.700887344777584076e-03 5.206260085105895996e-02
6.893452722579240799e-03 5.457145720720291138e-02
6.684708409011363983e-03 5.415591225028038025e-02
6.745686754584312439e-03 5.356785655021667480e-02
6.438562180846929550e-03 5.297304689884185791e-02
6.823924370110034943e-03 5.235716328024864197e-02
6.542402785271406174e-03 5.341780185699462891e-02
6.547961384057998657e-03 5.399844050407409668e-02
6.645553279668092728e-03 5.349389836192131042e-02
6.571971811354160309e-03 5.413912236690521240e-02
6.738869473338127136e-03 5.413296446204185486e-02
6.641670595854520798e-03 5.209623649716377258e-02
6.860290188342332840e-03 5.558207258582115173e-02
6.937051191926002502e-03 5.251586064696311951e-02
7.168152835220098495e-03 5.231909826397895813e-02
6.531292106956243515e-03 5.331084877252578735e-02
6.734205875545740128e-03 5.422022938728332520e-02
6.426006089895963669e-03 5.349326878786087036e-02
6.603041663765907288e-03 5.397010222077369690e-02
6.482471246272325516e-03 5.197949707508087158e-02
6.576628424227237701e-03 5.324315279722213745e-02
6.565924733877182007e-03 5.302269384264945984e-02
6.762726698070764542e-03 5.309549346566200256e-02
6.746400147676467896e-03 5.335135012865066528e-02
6.679293233901262283e-03 5.283820256590843201e-02
6.827665958553552628e-03 5.349230766296386719e-02
6.505795754492282867e-03 5.117386206984519958e-02
6.286526564508676529e-03 5.346559733152389526e-02
6.677861325442790985e-03 5.185337737202644348e-02
6.523219402879476547e-03 5.179975554347038269e-02
6.565839983522891998e-03 5.312738567590713501e-02
6.632775999605655670e-03 5.103124678134918213e-02
6.497661583125591278e-03 5.295608565211296082e-02
6.471165921539068222e-03 5.296552181243896484e-02
6.634767632931470871e-03 5.314812809228897095e-02
6.523602642118930817e-03 5.208995938301086426e-02
7.264908868819475174e-03 5.229673534631729126e-02
7.202375680208206177e-03 5.492551997303962708e-02
7.599082775413990021e-03 5.333951860666275024e-02
7.133041508495807648e-03 5.403977632522583008e-02
6.683000363409519196e-03 5.342525243759155273e-02
6.715062540024518967e-03 5.112748965620994568e-02
6.827519275248050690e-03 5.256272107362747192e-02
6.514213513582944870e-03 5.099250003695487976e-02
6.793956272304058075e-03 5.231645703315734863e-02
6.429548375308513641e-03 5.222823843359947205e-02
7.621998433023691177e-03 5.343721434473991394e-02
6.614862475544214249e-03 5.176785588264465332e-02
6.336986552923917770e-03 5.264438316226005554e-02
6.557364948093891144e-03 5.164392665028572083e-02
6.422786973416805267e-03 5.122695490717887878e-02
6.580573506653308868e-03 5.251538008451461792e-02
6.324615795165300369e-03 5.159406736493110657e-02
6.741404999047517776e-03 5.096601694822311401e-02
6.457810755819082260e-03 5.221835151314735413e-02
6.498863454908132553e-03 5.134417489171028137e-02
6.572761107236146927e-03 5.223552882671356201e-02
6.433497648686170578e-03 5.142894387245178223e-02
6.201575044542551041e-03 5.193929001688957214e-02
6.565094459801912308e-03 5.160398408770561218e-02
6.356236524879932404e-03 4.980666562914848328e-02
7.049758918583393097e-03 5.100070312619209290e-02
6.716583389788866043e-03 5.157472938299179077e-02
6.236312445253133774e-03 5.062700808048248291e-02
6.258758250623941422e-03 5.267209932208061218e-02
6.208702921867370605e-03 5.155693367123603821e-02
6.683866959065198898e-03 5.019205808639526367e-02
6.849830970168113708e-03 5.166109278798103333e-02
6.292147096246480942e-03 5.175741389393806458e-02
6.370584014803171158e-03 5.044927075505256653e-02
6.688982713967561722e-03 5.135432258248329163e-02
6.448944099247455597e-03 5.110711976885795593e-02
6.518420763313770294e-03 5.220720171928405762e-02
6.824459880590438843e-03 5.279807746410369873e-02
6.348713766783475876e-03 5.290158092975616455e-02
6.313397549092769623e-03 5.186470225453376770e-02
6.381558254361152649e-03 5.107503384351730347e-02
5.999425426125526428e-03 5.239314585924148560e-02
6.527507212013006210e-03 5.103546008467674255e-02
6.828690879046916962e-03 5.118702724575996399e-02
6.396315526217222214e-03 5.151010304689407349e-02
6.052223965525627136e-03 5.118560418486595154e-02
7.118651643395423889e-03 5.335759744048118591e-02
6.323169916868209839e-03 5.115936324000358582e-02
6.726859603077173233e-03 5.123777315020561218e-02
7.099365349858999252e-03 5.132732540369033813e-02
6.307812873274087906e-03 5.180253833532333374e-02
6.710051558911800385e-03 5.170311778783798218e-02
6.425463594496250153e-03 5.088494718074798584e-02
6.568811368197202682e-03 4.984939843416213989e-02
6.148800719529390335e-03 5.082310363650321960e-02
6.212042178958654404e-03 5.139876157045364380e-02
6.458837073296308517e-03 4.929279163479804993e-02
6.827432196587324142e-03 5.161371082067489624e-02
6.247560959309339523e-03 5.290161445736885071e-02
6.158791482448577881e-03 5.053623020648956299e-02
6.363249849528074265e-03 5.115428939461708069e-02
6.141596473753452301e-03 5.081583559513092041e-02
6.610651966184377670e-03 5.079824477434158325e-02
6.412831600755453110e-03 5.130317807197570801e-02
6.471104454249143600e-03 5.077855661511421204e-02
6.418540608137845993e-03 5.114670470356941223e-02
6.386947818100452423e-03 5.142276734113693237e-02
