4.462192058563232422e-01 7.109738588333129883e-01
3.118683993816375732e-01 5.990416407585144043e-01
2.551514506340026855e-01 5.558994412422180176e-01
2.580658197402954102e-01 5.470461249351501465e-01
2.310274243354797363e-01 5.197332501411437988e-01
2.316788136959075928e-01 5.176733732223510742e-01
2.104599326848983765e-01 5.039367079734802246e-01
2.020970582962036133e-01 5.032487511634826660e-01
1.999451369047164917e-01 4.761507511138916016e-01
1.978872418403625488e-01 4.693627059459686279e-01
1.867684572935104370e-01 4.657832086086273193e-01
1.801509112119674683e-01 4.617858827114105225e-01
1.853574365377426147e-01 4.673255980014801025e-01
1.827481985092163086e-01 4.547140002250671387e-01
1.786257028579711914e-01 4.551008343696594238e-01
1.640488952398300171e-01 4.456875920295715332e-01
1.700319349765777588e-01 4.447346329689025879e-01
1.650604456663131714e-01 4.344840347766876221e-01
1.654015183448791504e-01 4.337733983993530273e-01
1.742684543132781982e-01 4.282191693782806396e-01
1.579008996486663818e-01 4.292736649513244629e-01
1.582531929016113281e-01 4.259409010410308838e-01
1.622629612684249878e-01 4.260254502296447754e-01
1.628275662660598755e-01 4.189383387565612793e-01
1.685077250003814697e-01 4.181765913963317871e-01
1.603493094444274902e-01 4.209948182106018066e-01
1.547332704067230225e-01 4.134827256202697754e-01
1.523443758487701416e-01 4.096849262714385986e-01
1.447195708751678467e-01 4.060225784778594971e-01
1.451383978128433228e-01 4.139176607131958008e-01
1.471362859010696411e-01 4.053080976009368896e-01
1.458623707294464111e-01 4.052039086818695068e-01
1.470393985509872437e-01 4.011783599853515625e-01
1.492464989423751831e-01 4.069885909557342529e-01
1.361509114503860474e-01 3.994787037372589111e-01
1.490359306335449219e-01 3.972663581371307373e-01
1.363728791475296021e-01 3.909872174263000488e-01
1.369397789239883423e-01 4.025307893753051758e-01
1.426536887884140015e-01 3.932053148746490479e-01
1.425469666719436646e-01 3.970567584037780762e-01
1.397875100374221802e-01 3.973471224308013916e-01
1.380455642938613892e-01 3.921286463737487793e-01
1.355067938566207886e-01 3.888428807258605957e-01
1.403984725475311279e-01 3.936512470245361328e-01
1.375636011362075806e-01 3.880273103713989258e-01
1.404716074466705322e-01 3.815086185932159424e-01
1.317730247974395752e-01 3.808216154575347900e-01
1.376065611839294434e-01 3.903257548809051514e-01
1.319344341754913330e-01 3.796565532684326172e-01
1.348601877689361572e-01 3.923124074935913086e-01
1.457608640193939209e-01 3.734548687934875488e-01
1.471378654241561890e-01 3.806841075420379639e-01
1.356572210788726807e-01 3.775903582572937012e-01
1.327732950448989868e-01 3.755182027816772461e-01
1.295878440141677856e-01 3.779408633708953857e-01
1.261243969202041626e-01 3.844169378280639648e-01
1.265579164028167725e-01 3.741865754127502441e-01
1.350822448730468750e-01 3.717631995677947998e-01
1.297678649425506592e-01 3.691462278366088867e-01
1.255258768796920776e-01 3.636403977870941162e-01
1.353080719709396362e-01 3.691776990890502930e-01
1.292487680912017822e-01 3.693883419036865234e-01
1.341647952795028687e-01 3.680117726325988770e-01
1.222620829939842224e-01 3.678451180458068848e-01
1.322218775749206543e-01 3.694516718387603760e-01
1.283986121416091919e-01 3.730306625366210938e-01
1.339469105005264282e-01 3.641165494918823242e-01
1.251105219125747681e-01 3.636084496974945068e-01
1.250234693288803101e-01 3.596364855766296387e-01
1.272729933261871338e-01 3.627440929412841797e-01
1.318436861038208008e-01 3.647888600826263428e-01
1.246021017432212830e-01 3.605716526508331299e-01
1.325683146715164185e-01 3.666030466556549072e-01
1.215986683964729309e-01 3.572573065757751465e-01
1.194247752428054810e-01 3.605711460113525391e-01
1.210642382502555847e-01 3.547549843788146973e-01
1.139874905347824097e-01 3.488954603672027588e-01
1.207576394081115723e-01 3.504674732685089111e-01
1.197789460420608521e-01 3.540115356445312500e-01
1.278488337993621826e-01 3.554715514183044434e-01
1.198567301034927368e-01 3.477925062179565430e-01
1.171413213014602661e-01 3.481092453002929688e-01
1.274476498365402222e-01 3.526397943496704102e-01
1.226621717214584351e-01 3.483503460884094238e-01
1.120800748467445374e-01 3.549358844757080078e-01
1.148193329572677612e-01 3.452004492282867432e-01
1.244428008794784546e-01 3.505752384662628174e-01
1.224164441227912903e-01 3.522667884826660156e-01
1.132638975977897644e-01 3.430557250976562500e-01
1.240512430667877197e-01 3.510050773620605469e-01
1.222115457057952881e-01 3.498881459236145020e-01
1.251258850097656250e-01 3.465290367603302002e-01
1.172696501016616821e-01 3.434498012065887451e-01
1.203576326370239258e-01 3.411523103713989258e-01
1.244789436459541321e-01 3.421539664268493652e-01
1.156059876084327698e-01 3.383379280567169189e-01
1.138061806559562683e-01 3.426093757152557373e-01
1.178757622838020325e-01 3.395808935165405273e-01
1.158085986971855164e-01 3.407731056213378906e-01
1.153239384293556213e-01 3.407304584980010986e-01
1.220465973019599915e-01 3.476331830024719238e-01
1.189729943871498108e-01 3.325267732143402100e-01
1.130273789167404175e-01 3.321678638458251953e-01
1.149369627237319946e-01 3.416484892368316650e-01
1.255405843257904053e-01 3.342561721801757812e-01
1.135749965906143188e-01 3.334059715270996094e-01
1.158135682344436646e-01 3.325619995594024658e-01
1.121821776032447815e-01 3.388302624225616455e-01
1.104434803128242493e-01 3.389299511909484863e-01
1.173053160309791565e-01 3.370423316955566406e-01
1.115455478429794312e-01 3.259840905666351318e-01
1.107745319604873657e-01 3.264792263507843018e-01
1.119066998362541199e-01 3.319374024868011475e-01
1.115617826581001282e-01 3.326335847377777100e-01
1.109368950128555298e-01 3.344376385211944580e-01
1.188561320304870605e-01 3.329690396785736084e-01
1.141493543982505798e-01 3.293465971946716309e-01
1.098760291934013367e-01 3.334892392158508301e-01
1.200914382934570312e-01 3.328811526298522949e-01
1.084910482168197632e-01 3.243802785873413086e-01
1.141253262758255005e-01 3.300972282886505127e-01
1.084254458546638489e-01 3.237517774105072021e-01
1.062601506710052490e-01 3.206949830055236816e-01
1.074695214629173279e-01 3.258901536464691162e-01
1.106503158807754517e-01 3.320289254188537598e-01
1.156368106603622437e-01 3.276402950286865234e-01
1.093359440565109253e-01 3.177372515201568604e-01
1.160189136862754822e-01 3.203139305114746094e-01
1.100911721587181091e-01 3.188494443893432617e-01
1.092325523495674133e-01 3.231093287467956543e-01
1.111074909567832947e-01 3.276803493499755859e-01
1.051590889692306519e-01 3.195115625858306885e-01
1.075623482465744019e-01 3.193558454513549805e-01
1.083553954958915710e-01 3.171329200267791748e-01
1.033059507608413696e-01 3.194622993469238281e-01
1.168995723128318787e-01 3.229086101055145264e-01
1.098451465368270874e-01 3.195101618766784668e-01
1.100789606571197510e-01 3.141175806522369385e-01
1.118222624063491821e-01 3.176130950450897217e-01
1.008858829736709595e-01 3.163100481033325195e-01
1.155381426215171814e-01 3.261675536632537842e-01
1.144103258848190308e-01 3.138674199581146240e-01
1.106038242578506470e-01 3.150371611118316650e-01
1.040606945753097534e-01 3.129122555255889893e-01
1.030201017856597900e-01 3.155039846897125244e-01
1.051960587501525879e-01 3.139154016971588135e-01
1.052521690726280212e-01 3.202683031558990479e-01
1.097076460719108582e-01 3.186017572879791260e-01
1.069609224796295166e-01 3.117716610431671143e-01
1.103421673178672791e-01 3.186600208282470703e-01
1.030310466885566711e-01 3.073419034481048584e-01
1.165056675672531128e-01 3.116408288478851318e-01
1.020121797919273376e-01 3.115569949150085449e-01
1.100641563534736633e-01 3.149376809597015381e-01
1.042836606502532959e-01 3.167073428630828857e-01
1.024289429187774658e-01 3.086878359317779541e-01
1.029804423451423645e-01 3.105082511901855469e-01
1.085718497633934021e-01 3.074407875537872314e-01
1.129636466503143311e-01 3.118160665035247803e-01
1.082379147410392761e-01 3.115596175193786621e-01
1.031664013862609863e-01 3.071114122867584229e-01
1.041435748338699341e-01 3.109956383705139160e-01
1.110124513506889343e-01 3.136427402496337891e-01
1.086365580558776855e-01 3.099957406520843506e-01
1.027802973985671997e-01 3.084988594055175781e-01
1.097893938422203064e-01 3.075491786003112793e-01
1.019086390733718872e-01 3.035592436790466309e-01
1.062667295336723328e-01 3.117156326770782471e-01
1.071565970778465271e-01 3.094218373298645020e-01
1.054162159562110901e-01 3.096279501914978027e-01
1.070747897028923035e-01 3.068163394927978516e-01
1.060027554631233215e-01 3.049924075603485107e-01
1.027604416012763977e-01 3.001088201999664307e-01
1.080515682697296143e-01 3.016774356365203857e-01
9.913263469934463501e-02 2.994876801967620850e-01
1.037089526653289795e-01 3.031035363674163818e-01
1.045446321368217468e-01 3.023729920387268066e-01
9.976513683795928955e-02 3.018545210361480713e-01
1.061521321535110474e-01 2.976979911327362061e-01
1.017012596130371094e-01 2.971413433551788330e-01
1.078397408127784729e-01 2.999915778636932373e-01
1.011791601777076721e-01 2.983078658580780029e-01
1.123107969760894775e-01 2.989486753940582275e-01
1.048062592744827271e-01 2.974236309528350830e-01
1.041786596179008484e-01 2.933485805988311768e-01
1.021100878715515137e-01 3.014157414436340332e-01
1.032039374113082886e-01 3.002821803092956543e-01
9.988853335380554199e-02 2.986323237419128418e-01
9.955759346485137939e-02 2.975629270076751709e-01
1.006733775138854980e-01 2.999766170978546143e-01
1.044200435280799866e-01 2.948789596557617188e-01
1.023524478077888489e-01 2.939791083335876465e-01
1.015333607792854309e-01 2.967121303081512451e-01
1.034289374947547913e-01 2.943919897079467773e-01
9.906556457281112671e-02 2.960615754127502441e-01
1.037036105990409851e-01 2.973766922950744629e-01
1.007586196064949036e-01 2.917672395706176758e-01
9.962414205074310303e-02 2.937498092651367188e-01
9.819509834051132202e-02 2.933520674705505371e-01
9.989361464977264404e-02 2.891567945480346680e-01
9.199044108390808105e-02 2.796759307384490967e-01
8.806811273097991943e-02 2.720170617103576660e-01
9.013550728559494019e-02 2.700943946838378906e-01
8.806599676609039307e-02 2.691557705402374268e-01
8.973406255245208740e-02 2.699193954467773438e-01
8.771090954542160034e-02 2.724084258079528809e-01
8.747556060552597046e-02 2.671043872833251953e-01
8.737556636333465576e-02 2.672629952430725098e-01
8.875016123056411743e-02 2.689201533794403076e-01
9.301027655601501465e-02 2.703458666801452637e-01
8.871591091156005859e-02 2.658380866050720215e-01
8.974833041429519653e-02 2.683186531066894531e-01
8.927588909864425659e-02 2.689755260944366455e-01
9.116258472204208374e-02 2.680839300155639648e-01
8.734539896249771118e-02 2.687219679355621338e-01
9.179205447435379028e-02 2.703426480293273926e-01
8.696204423904418945e-02 2.670982182025909424e-01
8.583389222621917725e-02 2.666079998016357422e-01
8.644345402717590332e-02 2.678669989109039307e-01
8.845995366573333740e-02 2.662106454372406006e-01
8.638251572847366333e-02 2.642989456653594971e-01
8.818480372428894043e-02 2.640641629695892334e-01
8.732256293296813965e-02 2.622271180152893066e-01
8.755335956811904907e-02 2.633967697620391846e-01
8.608733117580413818e-02 2.664334177970886230e-01
8.769474923610687256e-02 2.637628614902496338e-01
8.879904448986053467e-02 2.627915143966674805e-01
8.557537943124771118e-02 2.661215066909790039e-01
8.998726308345794678e-02 2.612245678901672363e-01
8.766244351863861084e-02 2.626493275165557861e-01
9.092323482036590576e-02 2.605095505714416504e-01
9.347356110811233521e-02 2.673023641109466553e-01
8.885185420513153076e-02 2.651857137680053711e-01
8.748969435691833496e-02 2.610158026218414307e-01
9.144942462444305420e-02 2.647109627723693848e-01
9.284308552742004395e-02 2.585301101207733154e-01
8.601747453212738037e-02 2.619381844997406006e-01
8.988930284976959229e-02 2.601170241832733154e-01
8.945017307996749878e-02 2.597274780273437500e-01
8.694706112146377563e-02 2.613582015037536621e-01
8.682370185852050781e-02 2.630161046981811523e-01
9.048833698034286499e-02 2.607970535755157471e-01
8.538283407688140869e-02 2.582641243934631348e-01
9.170842915773391724e-02 2.621228396892547607e-01
8.714377880096435547e-02 2.594657838344573975e-01
8.746068179607391357e-02 2.583486437797546387e-01
8.511587977409362793e-02 2.636118829250335693e-01
8.760666102170944214e-02 2.554827630519866943e-01
8.511228859424591064e-02 2.575995326042175293e-01
8.459711819887161255e-02 2.614496946334838867e-01
8.650615811347961426e-02 2.583405971527099609e-01
8.797349780797958374e-02 2.599472999572753906e-01
9.002623707056045532e-02 2.604175508022308350e-01
8.559485524892807007e-02 2.593514621257781982e-01
8.668588101863861084e-02 2.594384551048278809e-01
8.694943040609359741e-02 2.559952139854431152e-01
8.898258209228515625e-02 2.573355138301849365e-01
8.941323310136795044e-02 2.578051090240478516e-01
8.433115482330322266e-02 2.590205371379852295e-01
8.556451648473739624e-02 2.584118843078613281e-01
8.587225526571273804e-02 2.568614780902862549e-01
8.707275241613388062e-02 2.552328109741210938e-01
8.644793182611465454e-02 2.552403807640075684e-01
8.510686457157135010e-02 2.534864246845245361e-01
8.621459454298019409e-02 2.592497467994689941e-01
8.807682991027832031e-02 2.593564093112945557e-01
8.773028850555419922e-02 2.577741146087646484e-01
8.703893423080444336e-02 2.555475234985351562e-01
8.755297213792800903e-02 2.604955732822418213e-01
8.778042346239089966e-02 2.529046535491943359e-01
8.480736613273620605e-02 2.580847144126892090e-01
8.408250659704208374e-02 2.560236454010009766e-01
8.437265455722808838e-02 2.588211297988891602e-01
8.333225548267364502e-02 2.542118430137634277e-01
8.178200572729110718e-02 2.547066509723663330e-01
8.254695683717727661e-02 2.539702355861663818e-01
8.317987620830535889e-02 2.544925808906555176e-01
8.529830724000930786e-02 2.592745423316955566e-01
8.359315991401672363e-02 2.561979293823242188e-01
8.322688937187194824e-02 2.530862689018249512e-01
8.826350420713424683e-02 2.541813850402832031e-01
8.596406131982803345e-02 2.522520720958709717e-01
8.511791378259658813e-02 2.540325820446014404e-01
8.396933227777481079e-02 2.536413371562957764e-01
8.192774653434753418e-02 2.554012537002563477e-01
8.670525997877120972e-02 2.546830475330352783e-01
8.407153189182281494e-02 2.555967271327972412e-01
8.188338577747344971e-02 2.521504163742065430e-01
8.448901027441024780e-02 2.518533766269683838e-01
8.328411728143692017e-02 2.484960556030273438e-01
8.816529065370559692e-02 2.487125098705291748e-01
8.769031614065170288e-02 2.489130049943923950e-01
8.432669192552566528e-02 2.509053349494934082e-01
8.541696518659591675e-02 2.517136037349700928e-01
8.282006531953811646e-02 2.514464557170867920e-01
8.473134785890579224e-02 2.502064108848571777e-01
8.425125479698181152e-02 2.535191476345062256e-01
8.251992613077163696e-02 2.475400120019912720e-01
8.215012401342391968e-02 2.477761805057525635e-01
8.323287218809127808e-02 2.488017529249191284e-01
8.268242329359054565e-02 2.477416992187500000e-01
8.366585522890090942e-02 2.516259551048278809e-01
8.611464500427246094e-02 2.532467246055603027e-01
7.968492805957794189e-02 2.483897060155868530e-01
8.179847896099090576e-02 2.482542991638183594e-01
8.318232744932174683e-02 2.509464323520660400e-01
8.524506539106369019e-02 2.487950772047042847e-01
8.600291609764099121e-02 2.478940188884735107e-01
8.173368871212005615e-02 2.483370751142501831e-01
8.433628082275390625e-02 2.456658482551574707e-01
8.299522846937179565e-02 2.477898150682449341e-01
8.789353817701339722e-02 2.471424192190170288e-01
8.616615086793899536e-02 2.484718859195709229e-01
8.015906810760498047e-02 2.462720423936843872e-01
8.581977337598800659e-02 2.505976259708404541e-01
8.962430059909820557e-02 2.470513433218002319e-01
8.303117007017135620e-02 2.508515119552612305e-01
8.141872286796569824e-02 2.431267499923706055e-01
8.111253380775451660e-02 2.489103674888610840e-01
8.322336524724960327e-02 2.507288753986358643e-01
8.186304569244384766e-02 2.475842833518981934e-01
8.232805132865905762e-02 2.499571889638900757e-01
8.679059892892837524e-02 2.501747608184814453e-01
8.112151920795440674e-02 2.463058829307556152e-01
8.377016335725784302e-02 2.453667670488357544e-01
8.404026180505752563e-02 2.454000562429428101e-01
8.146068453788757324e-02 2.467223703861236572e-01
8.510588109493255615e-02 2.477831244468688965e-01
8.369288593530654907e-02 2.469251304864883423e-01
8.453106135129928589e-02 2.487578988075256348e-01
8.382479101419448853e-02 2.433862239122390747e-01
8.367955684661865234e-02 2.481407970190048218e-01
8.319590985774993896e-02 2.451885938644409180e-01
8.134688436985015869e-02 2.470992803573608398e-01
8.275537937879562378e-02 2.445128560066223145e-01
8.130654692649841309e-02 2.435766756534576416e-01
8.423970639705657959e-02 2.464878708124160767e-01
8.283876627683639526e-02 2.433276623487472534e-01
8.169839531183242798e-02 2.429895401000976562e-01
8.367846161127090454e-02 2.473366856575012207e-01
8.372846990823745728e-02 2.447794824838638306e-01
8.306466042995452881e-02 2.439372986555099487e-01
8.428191393613815308e-02 2.420860528945922852e-01
8.198900520801544189e-02 2.414190024137496948e-01
8.206262439489364624e-02 2.424498200416564941e-01
8.132293820381164551e-02 2.435371428728103638e-01
8.171460032463073730e-02 2.490260303020477295e-01
8.433292061090469360e-02 2.398868054151535034e-01
8.355168253183364868e-02 2.409752607345581055e-01
8.097515255212783813e-02 2.405062913894653320e-01
8.284819126129150391e-02 2.420836240053176880e-01
8.277835696935653687e-02 2.448453009128570557e-01
8.230236172676086426e-02 2.434402853250503540e-01
8.374568819999694824e-02 2.411067932844161987e-01
8.077094703912734985e-02 2.414327412843704224e-01
7.983534783124923706e-02 2.460804283618927002e-01
8.453803509473800659e-02 2.422692030668258667e-01
8.054380118846893311e-02 2.434794306755065918e-01
7.909417897462844849e-02 2.442909181118011475e-01
8.342397958040237427e-02 2.419333308935165405e-01
7.992162555456161499e-02 2.466205209493637085e-01
8.560039848089218140e-02 2.415198385715484619e-01
8.128944784402847290e-02 2.416994720697402954e-01
8.203320950269699097e-02 2.410110086202621460e-01
8.154287934303283691e-02 2.418820410966873169e-01
8.181865513324737549e-02 2.410624325275421143e-01
8.087442070245742798e-02 2.403815537691116333e-01
8.511590957641601562e-02 2.400446534156799316e-01
8.365880697965621948e-02 2.387559711933135986e-01
7.917170226573944092e-02 2.406587749719619751e-01
8.212875574827194214e-02 2.442126274108886719e-01
8.153381943702697754e-02 2.381063699722290039e-01
8.150987327098846436e-02 2.395760715007781982e-01
8.459531515836715698e-02 2.434039413928985596e-01
8.531312644481658936e-02 2.417872399091720581e-01
8.246431499719619751e-02 2.383107244968414307e-01
8.114911615848541260e-02 2.395201623439788818e-01
8.446598798036575317e-02 2.426876723766326904e-01
8.109837025403976440e-02 2.393902391195297241e-01
8.018212765455245972e-02 2.387532293796539307e-01
8.025424927473068237e-02 2.412975430488586426e-01
8.576089888811111450e-02 2.429552972316741943e-01
8.168956637382507324e-02 2.406100928783416748e-01
7.977773249149322510e-02 2.370214462280273438e-01
8.299388736486434937e-02 2.402402311563491821e-01
8.260119706392288208e-02 2.361757755279541016e-01
7.977681607007980347e-02 2.405492812395095825e-01
7.963684946298599243e-02 2.389117181301116943e-01
8.108060061931610107e-02 2.365961968898773193e-01
7.922482490539550781e-02 2.439065426588058472e-01
8.178851008415222168e-02 2.375200390815734863e-01
8.143287152051925659e-02 2.383837550878524780e-01
8.190542459487915039e-02 2.405867278575897217e-01
8.373040705919265747e-02 2.370512783527374268e-01
7.944648712873458862e-02 2.401737570762634277e-01
8.290371298789978027e-02 2.362315654754638672e-01
8.394321054220199585e-02 2.407909184694290161e-01
8.017657697200775146e-02 2.374938428401947021e-01
8.069363981485366821e-02 2.425104677677154541e-01
8.106866478919982910e-02 2.374614328145980835e-01
7.739017903804779053e-02 2.296150028705596924e-01
7.569762319326400757e-02 2.214620858430862427e-01
7.602497190237045288e-02 2.225669175386428833e-01
7.354471832513809204e-02 2.225235253572463989e-01
7.612127065658569336e-02 2.242928445339202881e-01
7.828527688980102539e-02 2.257243245840072632e-01
7.575634121894836426e-02 2.230629771947860718e-01
7.417003810405731201e-02 2.236044704914093018e-01
7.394592463970184326e-02 2.216426134109497070e-01
7.474403083324432373e-02 2.219593077898025513e-01
7.388991117477416992e-02 2.223529666662216187e-01
7.608550041913986206e-02 2.255061864852905273e-01
7.487926632165908813e-02 2.241773903369903564e-01
7.521400600671768188e-02 2.220954596996307373e-01
7.517905533313751221e-02 2.211211621761322021e-01
7.657353579998016357e-02 2.245511412620544434e-01
7.409393787384033203e-02 2.197838872671127319e-01
7.395470142364501953e-02 2.204791158437728882e-01
7.513819634914398193e-02 2.195143848657608032e-01
7.447532564401626587e-02 2.250047326087951660e-01
7.614235579967498779e-02 2.215204983949661255e-01
7.505588233470916748e-02 2.210410088300704956e-01
7.312745600938796997e-02 2.212965637445449829e-01
7.540401816368103027e-02 2.206296920776367188e-01
7.545703649520874023e-02 2.214602679014205933e-01
7.436848431825637817e-02 2.201648503541946411e-01
7.709026336669921875e-02 2.201537638902664185e-01
7.560888677835464478e-02 2.220322191715240479e-01
7.623096555471420288e-02 2.198956310749053955e-01
7.631012052297592163e-02 2.207426130771636963e-01
7.668293267488479614e-02 2.232543379068374634e-01
7.421632856130599976e-02 2.227769494056701660e-01
7.337936758995056152e-02 2.178019583225250244e-01
7.501890510320663452e-02 2.198150902986526489e-01
7.643207162618637085e-02 2.186105549335479736e-01
7.565704733133316040e-02 2.189595103263854980e-01
7.743813842535018921e-02 2.204772830009460449e-01
7.419370114803314209e-02 2.192841321229934692e-01
7.372271269559860229e-02 2.200218886137008667e-01
7.632212340831756592e-02 2.196748107671737671e-01
7.540413737297058105e-02 2.206944227218627930e-01
7.521653920412063599e-02 2.171556800603866577e-01
7.421091943979263306e-02 2.198535501956939697e-01
7.546167820692062378e-02 2.216220498085021973e-01
7.347558438777923584e-02 2.184670865535736084e-01
7.409486919641494751e-02 2.220549732446670532e-01
7.333073019981384277e-02 2.188509702682495117e-01
7.543692737817764282e-02 2.195889353752136230e-01
7.507467269897460938e-02 2.198909819126129150e-01
7.608648389577865601e-02 2.175797522068023682e-01
7.534786313772201538e-02 2.214051932096481323e-01
7.330906391143798828e-02 2.179580479860305786e-01
7.393974065780639648e-02 2.188033759593963623e-01
7.337545603513717651e-02 2.204500883817672729e-01
7.410252839326858521e-02 2.163738310337066650e-01
7.523801922798156738e-02 2.164019346237182617e-01
7.497931271791458130e-02 2.190649509429931641e-01
7.464727014303207397e-02 2.186867594718933105e-01
7.522295415401458740e-02 2.205818891525268555e-01
7.331947982311248779e-02 2.171007543802261353e-01
7.459640502929687500e-02 2.201504111289978027e-01
7.390710711479187012e-02 2.169555872678756714e-01
7.713760435581207275e-02 2.173414677381515503e-01
7.363070547580718994e-02 2.149355262517929077e-01
7.387311011552810669e-02 2.176375240087509155e-01
7.478743046522140503e-02 2.189276516437530518e-01
7.259318977594375610e-02 2.177480757236480713e-01
7.440826296806335449e-02 2.162643074989318848e-01
7.364404201507568359e-02 2.180246114730834961e-01
7.677853852510452271e-02 2.175573855638504028e-01
7.278613001108169556e-02 2.169646173715591431e-01
7.608832418918609619e-02 2.213467806577682495e-01
7.399141043424606323e-02 2.187844663858413696e-01
7.720595598220825195e-02 2.179741263389587402e-01
7.590071856975555420e-02 2.167267203330993652e-01
7.351113110780715942e-02 2.173463255167007446e-01
7.616779953241348267e-02 2.166797071695327759e-01
7.214675098657608032e-02 2.181198000907897949e-01
7.516247034072875977e-02 2.160750180482864380e-01
7.385949045419692993e-02 2.172875702381134033e-01
7.260987907648086548e-02 2.173722535371780396e-01
7.512529939413070679e-02 2.169794440269470215e-01
7.470218092203140259e-02 2.166561931371688843e-01
7.575225830078125000e-02 2.158806025981903076e-01
7.375576347112655640e-02 2.153414189815521240e-01
7.372862845659255981e-02 2.187404632568359375e-01
7.228948175907135010e-02 2.158347219228744507e-01
7.303599268198013306e-02 2.160359621047973633e-01
7.316613942384719849e-02 2.145749628543853760e-01
7.294125854969024658e-02 2.142955809831619263e-01
7.471522688865661621e-02 2.140484154224395752e-01
7.270590960979461670e-02 2.160901874303817749e-01
7.450276613235473633e-02 2.150580286979675293e-01
7.324857264757156372e-02 2.168318480253219604e-01
7.370726019144058228e-02 2.164511829614639282e-01
7.406994700431823730e-02 2.138153016567230225e-01
7.360309362411499023e-02 2.142801433801651001e-01
7.479198276996612549e-02 2.159170508384704590e-01
7.467275112867355347e-02 2.167228758335113525e-01
7.532025873661041260e-02 2.148638814687728882e-01
