5.785965323448181152e-01
4.554550051689147949e-01
4.055254459381103516e-01
4.025559723377227783e-01
3.753803372383117676e-01
3.746761083602905273e-01
3.571983277797698975e-01
3.526729047298431396e-01
3.380479514598846436e-01
3.336249589920043945e-01
3.262758255004882812e-01
3.209683895111083984e-01
3.263415098190307617e-01
3.187310993671417236e-01
3.168632686138153076e-01
3.048682510852813721e-01
3.073832988739013672e-01
2.997722327709197998e-01
2.995874583721160889e-01
3.012438118457794189e-01
2.935872673988342285e-01
2.920970320701599121e-01
2.941442131996154785e-01
2.908829450607299805e-01
2.933421730995178223e-01
2.906720638275146484e-01
2.841079831123352051e-01
2.810146510601043701e-01
2.753710746765136719e-01
2.795280218124389648e-01
2.762221992015838623e-01
2.755331397056579590e-01
2.741088867187500000e-01
2.781175374984741211e-01
2.678148150444030762e-01
2.731511592864990234e-01
2.636800408363342285e-01
2.697352766990661621e-01
2.679294943809509277e-01
2.698018550872802734e-01
2.685673236846923828e-01
2.650870978832244873e-01
2.621748447418212891e-01
2.670248746871948242e-01
2.627954483032226562e-01
2.609901130199432373e-01
2.562973201274871826e-01
2.639661431312561035e-01
2.557954788208007812e-01
2.635862827301025391e-01
2.596078515052795410e-01
2.639109790325164795e-01
2.566238045692443848e-01
2.541457414627075195e-01
2.537643611431121826e-01
2.552706599235534668e-01
2.503722310066223145e-01
2.534227371215820312e-01
2.494570463895797729e-01
2.445831298828125000e-01
2.522428929805755615e-01
2.493185549974441528e-01
2.510882914066314697e-01
2.450536042451858521e-01
2.508367896080017090e-01
2.507146298885345459e-01
2.490317225456237793e-01
2.443594932556152344e-01
2.423299849033355713e-01
2.450085431337356567e-01
2.483162730932235718e-01
2.425868809223175049e-01
2.495856881141662598e-01
2.394279837608337402e-01
2.399979531764984131e-01
2.379096150398254395e-01
2.314414680004119873e-01
2.356125563383102417e-01
2.368952333927154541e-01
2.416601926088333130e-01
2.338246107101440430e-01
2.326252758502960205e-01
2.400437295436859131e-01
2.355062663555145264e-01
2.335079759359359741e-01
2.300098836421966553e-01
2.375090122222900391e-01
2.373416125774383545e-01
2.281598150730133057e-01
2.375281602144241333e-01
2.360498458147048950e-01
2.358274608850479126e-01
2.303597331047058105e-01
2.307549715042114258e-01
2.333164513111114502e-01
2.269719541072845459e-01
2.282077819108963013e-01
2.287283241748809814e-01
2.282908558845520020e-01
2.280271947383880615e-01
2.348398864269256592e-01
2.257498800754547119e-01
2.225976288318634033e-01
2.282927334308624268e-01
2.298983782529830933e-01
2.234904766082763672e-01
2.241877913475036621e-01
2.255062162876129150e-01
2.246867120265960693e-01
2.271738201379776001e-01
2.187648117542266846e-01
2.186268866062164307e-01
2.219220548868179321e-01
2.220976799726486206e-01
2.226872742176055908e-01
2.259125858545303345e-01
2.217479795217514038e-01
2.216826379299163818e-01
2.264862954616546631e-01
2.164356708526611328e-01
2.221112847328186035e-01
2.160886079072952271e-01
2.134775668382644653e-01
2.166798412799835205e-01
2.213396131992340088e-01
2.216385602951049805e-01
2.135365903377532959e-01
2.181664258241653442e-01
2.144703119993209839e-01
2.161709368228912354e-01
2.193939238786697388e-01
2.123353183269500732e-01
2.134591042995452881e-01
2.127441614866256714e-01
2.113841176033020020e-01
2.199040949344635010e-01
2.146776616573333740e-01
2.120982706546783447e-01
2.147176861763000488e-01
2.085979580879211426e-01
2.208528518676757812e-01
2.141388654708862305e-01
2.128205001354217529e-01
2.084864675998687744e-01
2.092620432376861572e-01
2.095557302236557007e-01
2.127602398395538330e-01
2.141547054052352905e-01
2.093662917613983154e-01
2.145010977983474731e-01
2.051864713430404663e-01
2.140732407569885254e-01
2.067845910787582397e-01
2.125009149312973022e-01
2.104955017566680908e-01
2.055583894252777100e-01
2.067443430423736572e-01
2.080063223838806152e-01
2.123898565769195557e-01
2.098987698554992676e-01
2.051389068365097046e-01
2.075695991516113281e-01
2.123275995254516602e-01
2.093161493539810181e-01
2.056395709514617920e-01
2.086692899465560913e-01
2.027339339256286621e-01
2.089911848306655884e-01
2.082892209291458130e-01
2.075220793485641479e-01
2.069455683231353760e-01
2.054975777864456177e-01
2.014346271753311157e-01
2.048645019531250000e-01
1.993101537227630615e-01
2.034062445163726807e-01
2.034588158130645752e-01
2.008098363876342773e-01
2.019250690937042236e-01
1.994213014841079712e-01
2.039156556129455566e-01
1.997435092926025391e-01
2.056297361850738525e-01
2.011149525642395020e-01
1.987636238336563110e-01
2.017629146575927734e-01
2.017430663108825684e-01
1.992604285478591919e-01
1.985602676868438721e-01
2.003249973058700562e-01
1.996494978666305542e-01
1.981657743453979492e-01
1.991227418184280396e-01
1.989104598760604858e-01
1.975635737180709839e-01
2.005401551723480225e-01
1.962629258632659912e-01
1.966869831085205078e-01
1.957735866308212280e-01
1.945252120494842529e-01
1.858331859111785889e-01
1.800425946712493896e-01
1.801149547100067139e-01
1.786108911037445068e-01
1.798267364501953125e-01
1.800596714019775391e-01
1.772899776697158813e-01
1.773192882537841797e-01
1.788351535797119141e-01
1.816780716180801392e-01
1.772769987583160400e-01
1.790334880352020264e-01
1.791257113218307495e-01
1.796232610940933228e-01
1.780336797237396240e-01
1.810673475265502930e-01
1.770301312208175659e-01
1.762209534645080566e-01
1.771552264690399170e-01
1.773352921009063721e-01
1.753407269716262817e-01
1.761244833469390869e-01
1.747748404741287231e-01
1.754750609397888184e-01
1.762603819370269775e-01
1.757287979125976562e-01
1.757952868938446045e-01
1.758484393358230591e-01
1.756059229373931885e-01
1.751558780670166016e-01
1.757164001464843750e-01
1.803879588842391968e-01
1.770187914371490479e-01
1.742527484893798828e-01
1.780802011489868164e-01
1.756865978240966797e-01
1.739778220653533936e-01
1.750031709671020508e-01
1.745888292789459229e-01
1.741526275873184204e-01
1.749199032783508301e-01
1.756426990032196045e-01
1.718234717845916748e-01
1.769156306982040405e-01
1.733047813177108765e-01
1.729046702384948730e-01
1.743638813495635986e-01
1.715447157621383667e-01
1.713559031486511230e-01
1.730234026908874512e-01
1.724233776330947876e-01
1.739604026079177856e-01
1.752218902111053467e-01
1.724731624126434326e-01
1.730621755123138428e-01
1.714723259210586548e-01
1.731590479612350464e-01
1.736091673374176025e-01
1.716758459806442261e-01
1.719882041215896606e-01
1.713668704032897949e-01
1.711527854204177856e-01
1.708441525697708130e-01
1.692966520786285400e-01
1.727321743965148926e-01
1.737166196107864380e-01
1.727522015571594238e-01
1.712932288646697998e-01
1.740242689847946167e-01
1.703425347805023193e-01
1.714460402727127075e-01
1.700530797243118286e-01
1.715968847274780273e-01
1.687720417976379395e-01
1.682443320751190186e-01
1.682585924863815308e-01
1.688362360000610352e-01
1.722864210605621338e-01
1.698955446481704712e-01
1.681565791368484497e-01
1.712224483489990234e-01
1.691080629825592041e-01
1.695752441883087158e-01
1.688053309917449951e-01
1.686645001173019409e-01
1.706941574811935425e-01
1.698341369628906250e-01
1.670168936252593994e-01
1.681711971759796143e-01
1.658900827169418335e-01
1.684388965368270874e-01
1.683016568422317505e-01
1.676160097122192383e-01
1.685652881860733032e-01
1.671332567930221558e-01
1.674688756465911865e-01
1.688852012157440186e-01
1.650299727916717529e-01
1.649631559848785400e-01
1.660173088312149048e-01
1.652120649814605713e-01
1.676459014415740967e-01
1.696806848049163818e-01
1.640373170375823975e-01
1.650263965129852295e-01
1.670643836259841919e-01
1.670200675725936890e-01
1.669484674930572510e-01
1.650353819131851196e-01
1.650010645389556885e-01
1.653925180435180664e-01
1.675179749727249146e-01
1.673190146684646606e-01
1.632155478000640869e-01
1.682087033987045288e-01
1.683378219604492188e-01
1.669413447380065918e-01
1.622727364301681519e-01
1.650114506483078003e-01
1.669761240482330322e-01
1.647236645221710205e-01
1.661426126956939697e-01
1.684826761484146118e-01
1.637136936187744141e-01
1.645684689283370972e-01
1.647201627492904663e-01
1.640915274620056152e-01
1.664445102214813232e-01
1.653090119361877441e-01
1.666444838047027588e-01
1.636055111885070801e-01
1.659101843833923340e-01
1.641922593116760254e-01
1.642230749130249023e-01
1.636341214179992676e-01
1.624416112899780273e-01
1.653637886047363281e-01
1.630832105875015259e-01
1.623439639806747437e-01
1.655075699090957642e-01
1.642539799213409424e-01
1.635009795427322388e-01
1.631839871406555176e-01
1.617040038108825684e-01
1.622562259435653687e-01
1.624300479888916016e-01
1.653703153133392334e-01
1.621098667383193970e-01
1.622634679079055786e-01
1.607407182455062866e-01
1.624659001827239990e-01
1.638118326663970947e-01
1.628713309764862061e-01
1.624262332916259766e-01
1.611018478870391846e-01
1.629578918218612671e-01
1.634036153554916382e-01
1.620116233825683594e-01
1.616925448179244995e-01
1.626786589622497559e-01
1.632710695266723633e-01
1.635601222515106201e-01
1.614944636821746826e-01
1.615221053361892700e-01
1.617124676704406738e-01
1.614405512809753418e-01
1.606279909610748291e-01
1.625802814960479736e-01
1.612073928117752075e-01
1.599152386188507080e-01
1.631706953048706055e-01
1.598200947046279907e-01
1.605429649353027344e-01
1.639996320009231567e-01
1.635501831769943237e-01
1.603875160217285156e-01
1.603346467018127441e-01
1.635768264532089233e-01
1.602443009614944458e-01
1.594676822423934937e-01
1.607758998870849609e-01
1.643580943346023560e-01
1.611498296260833740e-01
1.583995819091796875e-01
1.616170555353164673e-01
1.593884825706481934e-01
1.601630449295043945e-01
1.592742800712585449e-01
1.588383913040161133e-01
1.615656912326812744e-01
1.596542745828628540e-01
1.599083095788955688e-01
1.612460762262344360e-01
1.603908389806747437e-01
1.598101258277893066e-01
1.595676392316818237e-01
1.623670607805252075e-01
1.588352024555206299e-01
1.616020500659942627e-01
1.592650413513183594e-01
1.535025835037231445e-01
1.485798507928848267e-01
1.492959409952163696e-01
1.480341255664825439e-01
1.502070575952529907e-01
1.520048081874847412e-01
1.494096517562866211e-01
1.488872468471527100e-01
1.477942764759063721e-01
1.483516693115234375e-01
1.481214463710784912e-01
1.507958471775054932e-01
1.495283246040344238e-01
1.486547291278839111e-01
1.481501162052154541e-01
1.505623459815979004e-01
1.469389200210571289e-01
1.472169160842895508e-01
1.473262906074523926e-01
1.497400254011154175e-01
1.488314270973205566e-01
1.480484455823898315e-01
1.472120136022567749e-01
1.480168551206588745e-01
1.484586596488952637e-01
1.472666710615158081e-01
1.486220061779022217e-01
1.488205492496490479e-01
1.480633020401000977e-01
1.485263705253601074e-01
1.499686390161514282e-01
1.484966427087783813e-01
1.455906629562377930e-01
1.474169939756393433e-01
1.475213170051574707e-01
1.473082751035690308e-01
1.489577144384384155e-01
1.467389166355133057e-01
1.468722969293594360e-01
1.479984670877456665e-01
1.480492800474166870e-01
1.461861133575439453e-01
1.470322310924530029e-01
1.485418677330017090e-01
1.459713280200958252e-01
1.480749249458312988e-01
1.460908502340316772e-01
1.475129276514053345e-01
1.474828273057937622e-01
1.468331217765808105e-01
1.483765244483947754e-01
1.456335484981536865e-01
1.463715583086013794e-01
1.469127684831619263e-01
1.452381759881973267e-01
1.458199769258499146e-01
1.470221281051635742e-01
1.466670185327529907e-01
1.479024291038513184e-01
1.452101171016693115e-01
1.473734080791473389e-01
1.454313397407531738e-01
1.472395360469818115e-01
1.442831158638000488e-01
1.457553207874298096e-01
1.468575447797775269e-01
1.451706290245056152e-01
1.453362852334976196e-01
1.458343267440795898e-01
1.471679657697677612e-01
1.448753774166107178e-01
1.487175524234771729e-01
1.463879346847534180e-01
1.475900411605834961e-01
1.463137269020080566e-01
1.454287320375442505e-01
1.464237570762634277e-01
1.451332718133926392e-01
1.456187367439270020e-01
1.455735266208648682e-01
1.449910700321197510e-01
1.460523754358291626e-01
1.456791907548904419e-01
1.458164304494857788e-01
1.445485949516296387e-01
1.462345421314239502e-01
1.440621018409729004e-01
1.445359736680984497e-01
1.438705474138259888e-01
1.436184197664260864e-01
1.443818211555480957e-01
1.443980485200881958e-01
1.447803974151611328e-01
1.450402140617370605e-01
1.450792253017425537e-01
1.439426243305206299e-01
1.439416110515594482e-01
1.453545093536376953e-01
1.456978172063827515e-01
1.450920701026916504e-01
