3.700865209102630615e-01
2.311359494924545288e-01
1.886787563562393188e-01
1.852922141551971436e-01
1.634059846401214600e-01
1.628053635358810425e-01
1.507697850465774536e-01
1.493477374315261841e-01
1.348610371351242065e-01
1.315602660179138184e-01
1.272472441196441650e-01
1.242921054363250732e-01
1.282034963369369507e-01
1.217804849147796631e-01
1.212672740221023560e-01
1.140489131212234497e-01
1.147339493036270142e-01
1.092964336276054382e-01
1.092820763587951660e-01
1.085207834839820862e-01
1.059092804789543152e-01
1.045583337545394897e-01
1.051359474658966064e-01
1.024331748485565186e-01
1.030813902616500854e-01
1.028940752148628235e-01
9.891047328710556030e-02
9.692323952913284302e-02
9.410968422889709473e-02
9.747387468814849854e-02
9.430833160877227783e-02
9.408276528120040894e-02
9.245665371417999268e-02
9.537308663129806519e-02
9.040527790784835815e-02
9.157817810773849487e-02
8.718776702880859375e-02
9.155390411615371704e-02
8.883059024810791016e-02
9.019391983747482300e-02
8.984954655170440674e-02
8.754892647266387939e-02
8.604554831981658936e-02
8.863477408885955811e-02
8.610217273235321045e-02
8.404804766178131104e-02
8.226168155670166016e-02
8.692061156034469604e-02
8.200524747371673584e-02
8.727680146694183350e-02
8.188291639089584351e-02
8.516360074281692505e-02
8.148083090782165527e-02
8.049508929252624512e-02
8.108735829591751099e-02
8.312051743268966675e-02
7.927721738815307617e-02
7.933583110570907593e-02
7.781745493412017822e-02
7.483497262001037598e-02
7.836074382066726685e-02
7.779417186975479126e-02
7.787367701530456543e-02
7.620983570814132690e-02
7.816191017627716064e-02
7.894191145896911621e-02
7.650136947631835938e-02
7.505834102630615234e-02
7.361473143100738525e-02
7.483487576246261597e-02
7.625015079975128174e-02
7.397284358739852905e-02
7.722240686416625977e-02
7.227829843759536743e-02
7.309793680906295776e-02
7.137862592935562134e-02
6.823028624057769775e-02
6.960212439298629761e-02
7.070022821426391602e-02
7.246229797601699829e-02
6.840643286705017090e-02
6.843227893114089966e-02
7.125995308160781860e-02
6.903858482837677002e-02
7.011429965496063232e-02
6.712666898965835571e-02
7.006081193685531616e-02
7.056699693202972412e-02
6.614915281534194946e-02
7.028973847627639771e-02
6.985953450202941895e-02
6.901018321514129639e-02
6.687036901712417603e-02
6.638847291469573975e-02
6.741315126419067383e-02
6.478614360094070435e-02
6.594164669513702393e-02
6.565339863300323486e-02
6.558245420455932617e-02
6.565465033054351807e-02
6.888148933649063110e-02
6.337724626064300537e-02
6.248509511351585388e-02
6.593565642833709717e-02
6.467614322900772095e-02
6.276323646306991577e-02
6.274115294218063354e-02
6.455772370100021362e-02
6.443800777196884155e-02
6.457626819610595703e-02
6.011279672384262085e-02
6.018571928143501282e-02
6.225177273154258728e-02
6.242197006940841675e-02
6.306478381156921387e-02
6.350076943635940552e-02
6.177154555916786194e-02
6.249645352363586426e-02
6.334977596998214722e-02
5.926804989576339722e-02
6.194931641221046448e-02
5.905901640653610229e-02
5.776742845773696899e-02
5.965409800410270691e-02
6.210243701934814453e-02
6.111287698149681091e-02
5.716783553361892700e-02
5.880329012870788574e-02
5.770301073789596558e-02
5.898895859718322754e-02
6.055723875761032104e-02
5.727020278573036194e-02
5.750831216573715210e-02
5.695126950740814209e-02
5.703470483422279358e-02
5.996372550725936890e-02
5.771328136324882507e-02
5.610249564051628113e-02
5.752303451299667358e-02
5.584878101944923401e-02
6.073546409606933594e-02
5.659824237227439880e-02
5.664025247097015381e-02
5.512144044041633606e-02
5.595315992832183838e-02
5.560993403196334839e-02
5.758338049054145813e-02
5.759156867861747742e-02
5.515715107321739197e-02
5.765605345368385315e-02
5.312183499336242676e-02
5.611073970794677734e-02
5.436685308814048767e-02
5.648090690374374390e-02
5.623481422662734985e-02
5.364582687616348267e-02
5.421840026974678040e-02
5.390081182122230530e-02
5.586539581418037415e-02
5.512465909123420715e-02
5.316053703427314758e-02
5.452696979045867920e-02
5.602428317070007324e-02
5.483340471982955933e-02
5.359397828578948975e-02
5.389657244086265564e-02
5.181615427136421204e-02
5.515462532639503479e-02
5.436243861913681030e-02
5.422552675008773804e-02
5.352985858917236328e-02
5.290716513991355896e-02
5.095671489834785461e-02
5.197443813085556030e-02
5.033003911375999451e-02
5.190870538353919983e-02
5.185152590274810791e-02
5.117372050881385803e-02
5.053240805864334106e-02
4.997475445270538330e-02
5.143612995743751526e-02
5.032525211572647095e-02
5.172668024897575378e-02
5.031347274780273438e-02
4.917310923337936401e-02
5.132943764328956604e-02
5.111220106482505798e-02
5.020952969789505005e-02
4.995399713516235352e-02
5.068363249301910400e-02
4.951267316937446594e-02
4.917033389210700989e-02
4.993718490004539490e-02
4.918012768030166626e-02
4.938304796814918518e-02
5.032471194863319397e-02
4.840038344264030457e-02
4.874297976493835449e-02
4.852726683020591736e-02
4.736641421914100647e-02
4.398132115602493286e-02
4.137658327817916870e-02
4.100536927580833435e-02
4.069560393691062927e-02
4.101718217134475708e-02
4.157959669828414917e-02
4.006007686257362366e-02
4.003304243087768555e-02
4.074949026107788086e-02
4.145842045545578003e-02
3.988441824913024902e-02
4.055495560169219971e-02
4.063916951417922974e-02
4.067519307136535645e-02
4.057689756155014038e-02
4.129500314593315125e-02
4.016609489917755127e-02
3.968065604567527771e-02
4.010008275508880615e-02
3.976371139287948608e-02
3.911656513810157776e-02
3.931776806712150574e-02
3.868791088461875916e-02
3.913057595491409302e-02
3.973684459924697876e-02
3.921215981245040894e-02
3.902883455157279968e-02
3.967513516545295715e-02
3.878606110811233521e-02
3.880561143159866333e-02
3.869228065013885498e-02
4.062132909893989563e-02
3.959101438522338867e-02
3.843528777360916138e-02
3.975677490234375000e-02
3.837572038173675537e-02
3.851619362831115723e-02
3.839328512549400330e-02
3.827219828963279724e-02
3.849248215556144714e-02
3.891831636428833008e-02
3.888548165559768677e-02
3.760815411806106567e-02
3.913957253098487854e-02
3.805064409971237183e-02
3.766031190752983093e-02
3.899430856108665466e-02
3.707554563879966736e-02
3.733293339610099792e-02
3.819265216588973999e-02
3.762534260749816895e-02
3.820951655507087708e-02
3.865627199411392212e-02
3.783193603157997131e-02
3.790225088596343994e-02
3.711137920618057251e-02
3.751672431826591492e-02
3.777443617582321167e-02
3.765702620148658752e-02
3.753899782896041870e-02
3.707454726099967957e-02
3.687825053930282593e-02
3.672615811228752136e-02
3.621019795536994934e-02
3.785545006394386292e-02
3.807105123996734619e-02
3.762013465166091919e-02
3.695260733366012573e-02
3.820186108350753784e-02
3.634192422032356262e-02
3.738111257553100586e-02
3.685120865702629089e-02
3.748128190636634827e-02
3.627347201108932495e-02
3.628711402416229248e-02
3.604152053594589233e-02
3.631623089313507080e-02
3.781108185648918152e-02
3.676709905266761780e-02
3.602469712495803833e-02
3.675632923841476440e-02
3.597265109419822693e-02
3.633181378245353699e-02
3.612793982028961182e-02
3.663601726293563843e-02
3.659467026591300964e-02
3.670463338494300842e-02
3.563380613923072815e-02
3.577463328838348389e-02
3.472433611750602722e-02
3.544613346457481384e-02
3.527103736996650696e-02
3.551152348518371582e-02
3.582292050123214722e-02
3.548731654882431030e-02
3.537419810891151428e-02
3.616426140069961548e-02
3.440162166953086853e-02
3.441767022013664246e-02
3.492227569222450256e-02
3.460720926523208618e-02
3.569825366139411926e-02
3.628921881318092346e-02
3.446840867400169373e-02
3.473399206995964050e-02
3.541082516312599182e-02
3.510592877864837646e-02
3.484517335891723633e-02
3.463242202997207642e-02
3.407241031527519226e-02
3.456423431634902954e-02
3.498503565788269043e-02
3.508351743221282959e-02
3.396338969469070435e-02
3.556215763092041016e-02
3.499260544776916504e-02
3.540799021720886230e-02
3.330033272504806519e-02
3.479702398180961609e-02
3.544497117400169373e-02
3.443153947591781616e-02
3.507546335458755493e-02
3.555876389145851135e-02
3.408285602927207947e-02
3.405248746275901794e-02
3.416890650987625122e-02
3.417228162288665771e-02
3.482557460665702820e-02
3.446267917752265930e-02
3.496970981359481812e-02
3.355739638209342957e-02
3.476636484265327454e-02
3.410994261503219604e-02
3.429356962442398071e-02
3.372192382812500000e-02
3.345486149191856384e-02
3.437624871730804443e-02
3.346630930900573730e-02
3.327894955873489380e-02
3.452149406075477600e-02
3.400324285030364990e-02
3.371544927358627319e-02
3.335104882717132568e-02
3.295401856303215027e-02
3.318716958165168762e-02
3.346824645996093750e-02
3.484680876135826111e-02
3.281378000974655151e-02
3.301329910755157471e-02
3.272989019751548767e-02
3.322663158178329468e-02
3.385056555271148682e-02
3.353802859783172607e-02
3.309575468301773071e-02
3.291330114006996155e-02
3.390155360102653503e-02
3.346040844917297363e-02
3.333260118961334229e-02
3.336904942989349365e-02
3.314071521162986755e-02
3.403951600193977356e-02
3.328980505466461182e-02
3.295064717531204224e-02
3.276026248931884766e-02
3.299309685826301575e-02
3.279979899525642395e-02
3.257844597101211548e-02
3.293369710445404053e-02
3.248656913638114929e-02
3.250246495008468628e-02
3.353486210107803345e-02
3.209757059812545776e-02
3.242957592010498047e-02
3.370962664484977722e-02
3.333204984664916992e-02
3.220502287149429321e-02
3.243426233530044556e-02
3.349148109555244446e-02
3.232662752270698547e-02
3.208787366747856140e-02
3.280105069279670715e-02
3.366740792989730835e-02
3.268966078758239746e-02
3.174985200166702271e-02
3.265435248613357544e-02
3.171653300523757935e-02
3.255191445350646973e-02
3.211022168397903442e-02
3.183377906680107117e-02
3.327544406056404114e-02
3.194935247302055359e-02
3.218194097280502319e-02
3.269648551940917969e-02
3.197159990668296814e-02
3.235680982470512390e-02
3.179091960191726685e-02
3.290921077132225037e-02
3.179704397916793823e-02
3.314635902643203735e-02
3.182852268218994141e-02
2.977180667221546173e-02
2.784929051995277405e-02
2.799168974161148071e-02
2.787681296467781067e-02
2.846766635775566101e-02
2.895056828856468201e-02
2.808730304241180420e-02
2.812462300062179565e-02
2.768237143754959106e-02
2.782506681978702545e-02
2.788125351071357727e-02
2.870845608413219452e-02
2.830563485622406006e-02
2.787666022777557373e-02
2.763429656624794006e-02
2.852096594870090485e-02
2.723926678299903870e-02
2.744816802442073822e-02
2.731845714151859283e-02
2.841696515679359436e-02
2.778193727135658264e-02
2.764030173420906067e-02
2.759485132992267609e-02
2.756633982062339783e-02
2.778107114136219025e-02
2.734417095780372620e-02
2.761142514646053314e-02
2.790810167789459229e-02
2.751582115888595581e-02
2.775031700730323792e-02
2.819183841347694397e-02
2.803796157240867615e-02
2.685564197599887848e-02
2.726311236619949341e-02
2.719122730195522308e-02
2.729982137680053711e-02
2.767524495720863342e-02
2.721510827541351318e-02
2.732420712709426880e-02
2.732541970908641815e-02
2.755705825984477997e-02
2.683719992637634277e-02
2.726845815777778625e-02
2.782215550541877747e-02
2.694176696240901947e-02
2.786995470523834229e-02
2.704953774809837341e-02
2.733696624636650085e-02
2.741338498890399933e-02
2.700241096317768097e-02
2.769563719630241394e-02
2.678900770843029022e-02
2.703199163079261780e-02
2.733529917895793915e-02
2.654565311968326569e-02
2.663570083677768707e-02
2.711964771151542664e-02
2.710191905498504639e-02
2.747220546007156372e-02
2.676014415919780731e-02
2.738025784492492676e-02
2.665641903877258301e-02
2.693337947130203247e-02
2.619080245494842529e-02
2.673847042024135590e-02
2.715389430522918701e-02
2.664506249129772186e-02
2.649281173944473267e-02
2.679423429071903229e-02
2.696210145950317383e-02
2.659172564744949341e-02
2.779201231896877289e-02
2.703568153083324432e-02
2.723648026585578918e-02
2.672757953405380249e-02
2.669433504343032837e-02
2.675022371113300323e-02
2.673796750605106354e-02
2.649680525064468384e-02
2.666956558823585510e-02
2.665428072214126587e-02
2.671118639409542084e-02
2.661906182765960693e-02
2.649852819740772247e-02
2.633950859308242798e-02
2.706388384103775024e-02
2.635211125016212463e-02
2.631847187876701355e-02
2.609182521700859070e-02
2.596149593591690063e-02
2.602874673902988434e-02
2.639164216816425323e-02
2.628030627965927124e-02
2.657850645482540131e-02
2.648490481078624725e-02
2.601457387208938599e-02
2.600929699838161469e-02
2.642404474318027496e-02
2.665170468389987946e-02
2.631444670259952545e-02
