2.247851938009262085e-01 5.153878331184387207e-01
1.012083664536476135e-01 3.610635399818420410e-01
6.663800030946731567e-02 3.107195198535919189e-01
6.923604756593704224e-02 3.013483881950378418e-01
5.513131618499755859e-02 2.716806530952453613e-01
5.550831183791160583e-02 2.701024115085601807e-01
4.560574144124984741e-02 2.559338212013244629e-01
4.252131655812263489e-02 2.561741471290588379e-01
4.172058030962944031e-02 2.280015051364898682e-01
4.126226156949996948e-02 2.218582630157470703e-01
3.622559085488319397e-02 2.182688862085342407e-01
3.387701138854026794e-02 2.147071957588195801e-01
3.628398850560188293e-02 2.201229929924011230e-01
3.489494323730468750e-02 2.086660265922546387e-01
3.336779028177261353e-02 2.091667652130126953e-01
2.808468043804168701e-02 2.000131458044052124e-01
3.012759611010551453e-02 1.993402987718582153e-01
2.841853536665439606e-02 1.901743263006210327e-01
2.870326489210128784e-02 1.898608803749084473e-01
3.208810091018676758e-02 1.849534660577774048e-01
2.588106691837310791e-02 1.859374940395355225e-01
2.616496756672859192e-02 1.829517036676406860e-01
2.744193375110626221e-02 1.828299611806869507e-01
2.778187394142150879e-02 1.770844757556915283e-01
2.991531789302825928e-02 1.762474626302719116e-01
2.697296999394893646e-02 1.788151860237121582e-01
2.505105175077915192e-02 1.727698892354965210e-01
2.429981529712677002e-02 1.695466637611389160e-01
2.186425775289535522e-02 1.663551181554794312e-01
2.193336188793182373e-02 1.730143874883651733e-01
2.274910733103752136e-02 1.658675521612167358e-01
2.247230894863605499e-02 1.656932234764099121e-01
2.264098823070526123e-02 1.622723191976547241e-01
2.327743731439113617e-02 1.674687415361404419e-01
1.949531398713588715e-02 1.613152474164962769e-01
2.349908277392387390e-02 1.596572697162628174e-01
1.973271742463111877e-02 1.546428203582763672e-01
1.973040588200092316e-02 1.633774042129516602e-01
2.156736515462398529e-02 1.560938209295272827e-01
2.123506926000118256e-02 1.591527760028839111e-01
2.067064680159091949e-02 1.590284407138824463e-01
1.995698921382427216e-02 1.551408618688583374e-01
1.917635463178157806e-02 1.529147475957870483e-01
2.070624008774757385e-02 1.565633118152618408e-01
1.996427960693836212e-02 1.522400677204132080e-01
2.087304368615150452e-02 1.472230553627014160e-01
1.831828244030475616e-02 1.462050825357437134e-01
1.993007026612758636e-02 1.539111584424972534e-01
1.853803731501102448e-02 1.454724520444869995e-01
1.917732506990432739e-02 1.553762853145599365e-01
2.267325855791568756e-02 1.410925686359405518e-01
2.409519068896770477e-02 1.462320089340209961e-01
1.918536610901355743e-02 1.437762975692749023e-01
1.868759654462337494e-02 1.423025876283645630e-01
1.773877814412117004e-02 1.444359421730041504e-01
1.672654040157794952e-02 1.495144963264465332e-01
1.678163558244705200e-02 1.417727917432785034e-01
1.919118128716945648e-02 1.394804865121841431e-01
1.773668825626373291e-02 1.378982216119766235e-01
1.652598194777965546e-02 1.331439614295959473e-01
1.921438798308372498e-02 1.375070959329605103e-01
1.780257187783718109e-02 1.377857774496078491e-01
1.902337372303009033e-02 1.367239803075790405e-01
1.566200517117977142e-02 1.367576718330383301e-01
1.862989179790019989e-02 1.376939266920089722e-01
1.728864572942256927e-02 1.405951827764511108e-01
1.910728029906749725e-02 1.338954567909240723e-01
1.671361923217773438e-02 1.334030628204345703e-01
1.654529757797718048e-02 1.306841671466827393e-01
1.702581159770488739e-02 1.326439380645751953e-01
1.839765720069408417e-02 1.341026425361633301e-01
1.631245203316211700e-02 1.316332370042800903e-01
1.859205216169357300e-02 1.358527541160583496e-01
1.554705761373043060e-02 1.290095448493957520e-01
1.513349637389183044e-02 1.310623735189437866e-01
1.539080403745174408e-02 1.273664534091949463e-01
1.364976074546575546e-02 1.228108108043670654e-01
1.521618478000164032e-02 1.239880695939064026e-01
1.504983752965927124e-02 1.263506114482879639e-01
1.724055968225002289e-02 1.276840418577194214e-01
1.498529408127069473e-02 1.218275725841522217e-01
1.442859601229429245e-02 1.224359646439552307e-01
1.716163568198680878e-02 1.253582686185836792e-01
1.570151001214981079e-02 1.223756521940231323e-01
1.318052411079406738e-02 1.270480751991271973e-01
1.389138307422399521e-02 1.203619614243507385e-01
1.622980460524559021e-02 1.238918155431747437e-01
1.578230224549770355e-02 1.253516972064971924e-01
1.356018241494894028e-02 1.187381297349929810e-01
1.635385490953922272e-02 1.242256239056587219e-01
1.573523506522178650e-02 1.239838302135467529e-01
1.664935424923896790e-02 1.213710084557533264e-01
1.460329629480838776e-02 1.191374436020851135e-01
1.517821196466684341e-02 1.175987273454666138e-01
1.656942628324031830e-02 1.182568743824958801e-01
1.412101741880178452e-02 1.154512688517570496e-01
1.356848143041133881e-02 1.183148100972175598e-01
1.472973451018333435e-02 1.165770590305328369e-01
1.404521241784095764e-02 1.171196922659873962e-01
1.400124095380306244e-02 1.173080578446388245e-01
1.571645401418209076e-02 1.220465302467346191e-01
1.493195630609989166e-02 1.118225380778312683e-01
1.357252988964319229e-02 1.113976612687110901e-01
1.365181431174278259e-02 1.182195022702217102e-01
1.656673662364482880e-02 1.127855479717254639e-01
1.348845381289720535e-02 1.120380163192749023e-01
1.399045530706644058e-02 1.114918515086174011e-01
1.311078201979398727e-02 1.160046607255935669e-01
1.287761423736810684e-02 1.159984022378921509e-01
1.440596766769886017e-02 1.147465705871582031e-01
1.297090016305446625e-02 1.072546914219856262e-01
1.268773060292005539e-02 1.076837107539176941e-01
1.319053117185831070e-02 1.113130152225494385e-01
1.306485384702682495e-02 1.117790862917900085e-01
1.296490058302879333e-02 1.131646707653999329e-01
1.492853648960590363e-02 1.120729967951774597e-01
1.371177099645137787e-02 1.098313182592391968e-01
1.252934243530035019e-02 1.124635636806488037e-01
1.492687873542308807e-02 1.117726787924766541e-01
1.223066449165344238e-02 1.063054352998733521e-01
1.361220795661211014e-02 1.102864220738410950e-01
1.229710225015878677e-02 1.058209314942359924e-01
1.172232627868652344e-02 1.038125306367874146e-01
1.197969447821378708e-02 1.073285043239593506e-01
1.270821318030357361e-02 1.114966571331024170e-01
1.406280975788831711e-02 1.081629469990730286e-01
1.240444835275411606e-02 1.019312217831611633e-01
1.403948850929737091e-02 1.035670936107635498e-01
1.265413127839565277e-02 1.027518883347511292e-01
1.233763713389635086e-02 1.056402772665023804e-01
1.287647709250450134e-02 1.082380041480064392e-01
1.144865155220031738e-02 1.030917540192604065e-01
1.211849693208932877e-02 1.028981283307075500e-01
1.225121039897203445e-02 1.016513258218765259e-01
1.101597864180803299e-02 1.030534282326698303e-01
1.432248856872320175e-02 1.056049615144729614e-01
1.259062904864549637e-02 1.028359308838844299e-01
1.258943043649196625e-02 9.961555898189544678e-02
1.301069092005491257e-02 1.020353808999061584e-01
1.049817819148302078e-02 1.011993810534477234e-01
1.393017545342445374e-02 1.075407564640045166e-01
1.380900945514440536e-02 9.938747435808181763e-02
1.293184142559766769e-02 1.003486663103103638e-01
1.119475997984409332e-02 9.904812276363372803e-02
1.116633974015712738e-02 1.007399782538414001e-01
1.155891641974449158e-02 9.966094791889190674e-02
1.156095229089260101e-02 1.036058068275451660e-01
1.261877827346324921e-02 1.025643572211265564e-01
1.183793973177671432e-02 9.847636520862579346e-02
1.258172560483217239e-02 1.027303785085678101e-01
1.100508682429790497e-02 9.523858129978179932e-02
1.418073382228612900e-02 9.804074466228485107e-02
1.073778327554464340e-02 9.799592196941375732e-02
1.256725564599037170e-02 1.003945618867874146e-01
1.124427281320095062e-02 1.012253537774085999e-01
1.081958040595054626e-02 9.647206962108612061e-02
1.102325506508350372e-02 9.741354733705520630e-02
1.236823108047246933e-02 9.543339163064956665e-02
1.334095932543277740e-02 9.838983416557312012e-02
1.213654223829507828e-02 9.811277687549591064e-02
1.097849290817975998e-02 9.534258395433425903e-02
1.126617565751075745e-02 9.778776764869689941e-02
1.279406622052192688e-02 9.925449639558792114e-02
1.239748299121856689e-02 9.726932644844055176e-02
1.091833319514989853e-02 9.626962244510650635e-02
1.246886793524026871e-02 9.532427787780761719e-02
1.072789728641510010e-02 9.290441125631332397e-02
1.177067961543798447e-02 9.853857010602951050e-02
1.199993211776018143e-02 9.672494232654571533e-02
1.147320959717035294e-02 9.697784483432769775e-02
1.191723719239234924e-02 9.514248371124267578e-02
1.174897793680429459e-02 9.406535327434539795e-02
1.103078015148639679e-02 9.088265150785446167e-02
1.212302036583423615e-02 9.182585775852203369e-02
1.017146278172731400e-02 9.048861265182495117e-02
1.119159441441297531e-02 9.262581914663314819e-02
1.131954882293939590e-02 9.238350391387939453e-02
1.033680140972137451e-02 9.201063960790634155e-02
1.168905943632125854e-02 8.937575668096542358e-02
1.071737427264451981e-02 8.923213183879852295e-02
1.209571957588195801e-02 9.077654033899307251e-02
1.062380429357290268e-02 9.002669900655746460e-02
1.306269410997629166e-02 9.039066731929779053e-02
1.127657946199178696e-02 8.935036510229110718e-02
1.126628275960683823e-02 8.707993477582931519e-02
1.086640823632478714e-02 9.179246425628662109e-02
1.114910934120416641e-02 9.107529371976852417e-02
1.026285532861948013e-02 9.015620499849319458e-02
1.028169505298137665e-02 8.962629735469818115e-02
1.049089431762695312e-02 9.087637066841125488e-02
1.127236988395452499e-02 8.775297552347183228e-02
1.087994035333395004e-02 8.746072649955749512e-02
1.067688595503568649e-02 8.919748663902282715e-02
1.102051325142383575e-02 8.733974397182464600e-02
1.011193450540304184e-02 8.865416049957275391e-02
1.116593647748231888e-02 8.948348462581634521e-02
1.065867580473423004e-02 8.614209294319152832e-02
1.034271717071533203e-02 8.714324235916137695e-02
9.976583532989025116e-03 8.707795292139053345e-02
1.028562895953655243e-02 8.444719761610031128e-02
8.760212920606136322e-03 7.920242846012115479e-02
7.978860288858413696e-03 7.477430254220962524e-02
8.471501059830188751e-03 7.353923469781875610e-02
8.043522946536540985e-03 7.334768772125244141e-02
8.332056924700737000e-03 7.370230555534362793e-02
7.964382879436016083e-03 7.519481331110000610e-02
7.918902672827243805e-03 7.220125198364257812e-02
7.856866344809532166e-03 7.220921665430068970e-02
8.166129700839519501e-03 7.333285361528396606e-02
9.027883410453796387e-03 7.388895750045776367e-02
8.147455751895904541e-03 7.162138074636459351e-02
8.336133323609828949e-03 7.277377694845199585e-02
8.199864067137241364e-03 7.307847589254379272e-02
8.618351072072982788e-03 7.273203879594802856e-02
7.904027588665485382e-03 7.324976474046707153e-02
8.727229200303554535e-03 7.386277616024017334e-02
7.885437458753585815e-03 7.244674861431121826e-02
7.574570365250110626e-03 7.178673893213272095e-02
7.778507191687822342e-03 7.242165505886077881e-02
8.048135787248611450e-03 7.147928327322006226e-02
7.704867515712976456e-03 7.052826136350631714e-02
8.138896897435188293e-03 7.049664109945297241e-02
7.927573285996913910e-03 6.944824755191802979e-02
8.019315078854560852e-03 7.024183869361877441e-02
7.642776239663362503e-03 7.183091342449188232e-02
7.979381829500198364e-03 7.044494152069091797e-02
8.182093501091003418e-03 6.987557560205459595e-02
7.572077214717864990e-03 7.177819311618804932e-02
8.388557471334934235e-03 6.918356567621231079e-02
7.916454225778579712e-03 6.969477236270904541e-02
8.740173652768135071e-03 6.864438951015472412e-02
9.087378159165382385e-03 7.215528190135955811e-02
8.198083378374576569e-03 7.098394632339477539e-02
7.924422621726989746e-03 6.894615292549133301e-02
8.684167638421058655e-03 7.082938402891159058e-02
8.957142941653728485e-03 6.779430061578750610e-02
7.589184679090976715e-03 6.944320350885391235e-02
8.352475240826606750e-03 6.843409687280654907e-02
8.263768628239631653e-03 6.828062981367111206e-02
7.824299857020378113e-03 6.916066259145736694e-02
7.782043889164924622e-03 7.005459070205688477e-02
8.532423526048660278e-03 6.923853605985641479e-02
7.455792278051376343e-03 6.776051223278045654e-02
8.772763423621654510e-03 6.950638443231582642e-02
7.859944365918636322e-03 6.824134290218353271e-02
7.833215408027172089e-03 6.748741120100021362e-02
7.451047189533710480e-03 7.053756713867187500e-02
7.897449657320976257e-03 6.625363975763320923e-02
7.409871090203523636e-03 6.725599616765975952e-02
7.334354333579540253e-03 6.905095279216766357e-02
7.685772608965635300e-03 6.756491214036941528e-02
7.963413372635841370e-03 6.845562160015106201e-02
8.355829864740371704e-03 6.895671784877777100e-02
7.506435271352529526e-03 6.815743446350097656e-02
7.686359342187643051e-03 6.811814010143280029e-02
7.846737280488014221e-03 6.637602299451828003e-02
8.102769032120704651e-03 6.693068146705627441e-02
8.265599608421325684e-03 6.728327274322509766e-02
7.325137034058570862e-03 6.798891723155975342e-02
7.534911856055259705e-03 6.754308193922042847e-02
7.558361161500215530e-03 6.659073382616043091e-02
7.773089222609996796e-03 6.598341464996337891e-02
7.648441474884748459e-03 6.580387800931930542e-02
7.441564928740262985e-03 6.497883051633834839e-02
7.607951294630765915e-03 6.810294836759567261e-02
8.029758930206298828e-03 6.811234354972839355e-02
7.957892492413520813e-03 6.728237867355346680e-02
7.760275620967149734e-03 6.614493578672409058e-02
7.857671007513999939e-03 6.854604929685592651e-02
7.919599302113056183e-03 6.476424634456634521e-02
7.413159124553203583e-03 6.734906882047653198e-02
7.230592891573905945e-03 6.647182255983352661e-02
7.308723870664834976e-03 6.765384227037429810e-02
7.119715213775634766e-03 6.542722880840301514e-02
6.802425254136323929e-03 6.577180325984954834e-02
6.932609714567661285e-03 6.515043228864669800e-02
7.067441474646329880e-03 6.556501984596252441e-02
7.442350033670663834e-03 6.817981600761413574e-02
7.147865835577249527e-03 6.638633459806442261e-02
7.053848821669816971e-03 6.499554216861724854e-02
7.981461472809314728e-03 6.553119421005249023e-02
7.557017263025045395e-03 6.438828259706497192e-02
7.398386485874652863e-03 6.526523828506469727e-02
7.221660576760768890e-03 6.503421813249588013e-02
6.815363653004169464e-03 6.645666807889938354e-02
7.724820170551538467e-03 6.546451896429061890e-02
7.204708643257617950e-03 6.620455533266067505e-02
6.819841451942920685e-03 6.444776803255081177e-02
7.313563022762537003e-03 6.423570215702056885e-02
7.066074758768081665e-03 6.238259747624397278e-02
8.004599250853061676e-03 6.288766860961914062e-02
7.889809086918830872e-03 6.265226751565933228e-02
7.302614860236644745e-03 6.372043490409851074e-02
7.521525956690311432e-03 6.412431597709655762e-02
7.025147322565317154e-03 6.394948810338973999e-02
7.329384330660104752e-03 6.341901421546936035e-02
7.248107343912124634e-03 6.508041918277740479e-02
6.940465886145830154e-03 6.186277791857719421e-02
6.885425653308629990e-03 6.194991245865821838e-02
7.099558599293231964e-03 6.274498999118804932e-02
7.063783705234527588e-03 6.215063482522964478e-02
7.216325029730796814e-03 6.418018043041229248e-02
7.681336719542741776e-03 6.489709764719009399e-02
6.445656996220350266e-03 6.249115988612174988e-02
6.811789236962795258e-03 6.265619397163391113e-02
7.036439143121242523e-03 6.378521025180816650e-02
7.490059360861778259e-03 6.272179633378982544e-02
7.586095482110977173e-03 6.210424751043319702e-02
6.775983609259128571e-03 6.248886138200759888e-02
7.338328752666711807e-03 6.080649048089981079e-02
7.030344102531671524e-03 6.209812685847282410e-02
8.007641881704330444e-03 6.196242570877075195e-02
7.648679893463850021e-03 6.251835823059082031e-02
6.516109686344861984e-03 6.141067296266555786e-02
7.527922280132770538e-03 6.359639018774032593e-02
8.254714310169219971e-03 6.173049286007881165e-02
7.040050812065601349e-03 6.377592682838439941e-02
6.746177095919847488e-03 5.985448509454727173e-02
6.699186284095048904e-03 6.289485841989517212e-02
7.084740325808525085e-03 6.380520015954971313e-02
6.805662997066974640e-03 6.205741316080093384e-02
6.906727328896522522e-03 6.324420124292373657e-02
7.762758992612361908e-03 6.335476785898208618e-02
6.704377476125955582e-03 6.146133691072463989e-02
7.171084638684988022e-03 6.093388795852661133e-02
7.229206617921590805e-03 6.110860779881477356e-02
6.754285655915737152e-03 6.159027665853500366e-02
7.406016346067190170e-03 6.224513053894042969e-02
7.192526012659072876e-03 6.173283234238624573e-02
7.355743553489446640e-03 6.258367747068405151e-02
7.179438602179288864e-03 5.993535369634628296e-02
7.180885411798954010e-03 6.235184147953987122e-02
7.253963034600019455e-03 6.096592172980308533e-02
6.729207001626491547e-03 6.185793504118919373e-02
7.040583062916994095e-03 6.040326133370399475e-02
6.701904349029064178e-03 6.020782142877578735e-02
7.288291584700345993e-03 6.146420538425445557e-02
7.011273410171270370e-03 5.992134660482406616e-02
6.840260699391365051e-03 5.971764028072357178e-02
7.206274196505546570e-03 6.183671206235885620e-02
7.154325954616069794e-03 6.085216253995895386e-02
7.031264249235391617e-03 6.039963662624359131e-02
7.258883211761713028e-03 5.944321677088737488e-02
6.862771231681108475e-03 5.904526636004447937e-02
6.862697657197713852e-03 5.951164290308952332e-02
6.734411697834730148e-03 6.020208448171615601e-02
6.854811217635869980e-03 6.283880770206451416e-02
7.331241853535175323e-03 5.829631909728050232e-02
7.180747576057910919e-03 5.884585157036781311e-02
6.694506388157606125e-03 5.876527354121208191e-02
7.075558882206678391e-03 5.937770381569862366e-02
7.109498139470815659e-03 6.059163063764572144e-02
7.017018739134073257e-03 6.005903705954551697e-02
7.170863915234804153e-03 5.902064219117164612e-02
6.656470242887735367e-03 5.917013436555862427e-02
6.501710042357444763e-03 6.130139902234077454e-02
7.373878732323646545e-03 5.954694002866744995e-02
6.582520436495542526e-03 6.008268520236015320e-02
6.348853465169668198e-03 6.038924306631088257e-02
7.097161840647459030e-03 5.918426811695098877e-02
6.532821338623762131e-03 6.154621019959449768e-02
7.503677159547805786e-03 5.907592922449111938e-02
6.748328451067209244e-03 5.915296822786331177e-02
6.862283218652009964e-03 5.865824222564697266e-02
6.811201106756925583e-03 5.917499214410781860e-02
6.845555268228054047e-03 5.875404179096221924e-02
6.676836870610713959e-03 5.848005414009094238e-02
7.506723050028085709e-03 5.836067348718643188e-02
7.143194787204265594e-03 5.782994255423545837e-02
6.429779808968305588e-03 5.857514962553977966e-02
6.883814930915832520e-03 6.018591299653053284e-02
6.767845246940851212e-03 5.742729455232620239e-02
6.786970887333154678e-03 5.807218328118324280e-02
7.371169049292802811e-03 6.004808470606803894e-02
7.566607091575860977e-03 5.909749120473861694e-02
7.026630453765392303e-03 5.738341435790061951e-02
6.787478923797607422e-03 5.808104202151298523e-02
7.323411758989095688e-03 5.965954810380935669e-02
6.722593680024147034e-03 5.793065950274467468e-02
6.547845900058746338e-03 5.762790143489837646e-02
6.573505233973264694e-03 5.902859568595886230e-02
7.557685486972332001e-03 5.977712944149971008e-02
6.823719944804906845e-03 5.855559930205345154e-02
6.561426445841789246e-03 5.693827942013740540e-02
7.097243797034025192e-03 5.821146070957183838e-02
6.990459281951189041e-03 5.644260719418525696e-02
6.493910215795040131e-03 5.860992148518562317e-02
6.479850970208644867e-03 5.774059519171714783e-02
6.733547430485486984e-03 5.693401023745536804e-02
6.366429850459098816e-03 6.018446013331413269e-02
6.826640106737613678e-03 5.707206204533576965e-02
6.783983204513788223e-03 5.757990106940269470e-02
6.886282935738563538e-03 5.850668996572494507e-02
7.168008480221033096e-03 5.677519366145133972e-02
6.442255806177854538e-03 5.827136337757110596e-02
7.073243614286184311e-03 5.650859326124191284e-02
7.216804660856723785e-03 5.860161408782005310e-02
6.566613912582397461e-03 5.702747032046318054e-02
6.679273210465908051e-03 5.961344763636589050e-02
6.710364948958158493e-03 5.694667994976043701e-02
6.135231815278530121e-03 5.340838059782981873e-02
5.854866001754999161e-03 4.984371364116668701e-02
5.884760525077581406e-03 5.009862035512924194e-02
5.503688007593154907e-03 5.024993792176246643e-02
5.940349772572517395e-03 5.099498108029365540e-02
6.262753158807754517e-03 5.163838341832160950e-02
5.843000486493110657e-03 5.033160746097564697e-02
5.603504367172718048e-03 5.064574256539344788e-02
5.555116105824708939e-03 4.980962723493576050e-02
5.699950270354747772e-03 4.995018243789672852e-02
5.587864201515913010e-03 5.017464235424995422e-02
5.908004008233547211e-03 5.150890722870826721e-02
5.709885619580745697e-03 5.090138316154479980e-02
5.769763607531785965e-03 4.998355731368064880e-02
5.792679265141487122e-03 4.947591200470924377e-02
5.975800100713968277e-03 5.106613039970397949e-02
5.599534604698419571e-03 4.887899756431579590e-02
5.556549411267042160e-03 4.933978617191314697e-02
5.769067909568548203e-03 4.886784777045249939e-02
5.652890074998140335e-03 5.118104070425033569e-02
5.932861939072608948e-03 4.963101446628570557e-02
5.726881790906190872e-03 4.955372214317321777e-02
5.431800149381160736e-03 4.975790157914161682e-02
5.781078711152076721e-03 4.935159906744956970e-02
5.779799539595842361e-03 4.978234320878982544e-02
5.627109203487634659e-03 4.906123131513595581e-02
6.075073499232530594e-03 4.914777725934982300e-02
5.858785007148981094e-03 4.995741695165634155e-02
5.926450248807668686e-03 4.910519346594810486e-02
5.953342188149690628e-03 4.954729229211807251e-02
6.016307510435581207e-03 5.036737024784088135e-02
5.602037534117698669e-03 5.047388374805450439e-02
5.472421646118164062e-03 4.823886230587959290e-02
5.721347406506538391e-03 4.880487546324729919e-02
5.929106380790472031e-03 4.845334962010383606e-02
5.832746624946594238e-03 4.876689612865447998e-02
6.129942834377288818e-03 4.922054708003997803e-02
5.593623500317335129e-03 4.883659258484840393e-02
5.519713740795850754e-03 4.912870004773139954e-02
5.930047947913408279e-03 4.872079193592071533e-02
5.783428903669118881e-03 4.933068901300430298e-02
5.741292610764503479e-03 4.793310910463333130e-02
5.620785523205995560e-03 4.891613125801086426e-02
5.780727602541446686e-03 4.986358433961868286e-02
5.496572237461805344e-03 4.838696122169494629e-02
5.603655241429805756e-03 5.013625323772430420e-02
5.470264703035354614e-03 4.862881079316139221e-02
5.831667222082614899e-03 4.884226620197296143e-02
5.774043966084718704e-03 4.905272647738456726e-02
5.931474268436431885e-03 4.807334765791893005e-02
5.804480984807014465e-03 4.958679154515266418e-02
5.472049117088317871e-03 4.810596629977226257e-02
5.536981392651796341e-03 4.852700233459472656e-02
5.466756876558065414e-03 4.920384287834167480e-02
5.576693452894687653e-03 4.751461371779441833e-02
5.775041878223419189e-03 4.749635979533195496e-02
5.770353600382804871e-03 4.846894368529319763e-02
5.684345960617065430e-03 4.851949214935302734e-02
5.758703686296939850e-03 4.918570816516876221e-02
5.466886796057224274e-03 4.805340245366096497e-02
5.684209521859884262e-03 4.907630756497383118e-02
5.590799264609813690e-03 4.772203788161277771e-02
6.104236003011465073e-03 4.776252433657646179e-02
5.549718160182237625e-03 4.683188721537590027e-02
5.542625207453966141e-03 4.793431609869003296e-02
5.725407972931861877e-03 4.858238250017166138e-02
5.362294148653745651e-03 4.792783036828041077e-02
5.644762888550758362e-03 4.734085872769355774e-02
5.536666605621576309e-03 4.805180057883262634e-02
5.999752786010503769e-03 4.792445152997970581e-02
5.387189798057079315e-03 4.779626056551933289e-02
5.960243754088878632e-03 4.962377995252609253e-02
5.553804803639650345e-03 4.851755872368812561e-02
6.136745680123567581e-03 4.833621531724929810e-02
5.898281931877136230e-03 4.755687713623046875e-02
5.500184837728738785e-03 4.788848385214805603e-02
5.923834629356861115e-03 4.757661372423171997e-02
5.289764143526554108e-03 4.818617179989814758e-02
5.780064035207033157e-03 4.721354693174362183e-02
5.561159923672676086e-03 4.777796939015388489e-02
5.415971390902996063e-03 4.789258912205696106e-02
5.765629466623067856e-03 4.765674471855163574e-02
5.690796766430139542e-03 4.754732549190521240e-02
5.861162673681974411e-03 4.713589325547218323e-02
5.535725504159927368e-03 4.714329168200492859e-02
5.540457554161548615e-03 4.858731105923652649e-02
5.321957170963287354e-03 4.738226532936096191e-02
5.427357740700244904e-03 4.720958694815635681e-02
5.425626877695322037e-03 4.675802215933799744e-02
5.417194683104753494e-03 4.650579765439033508e-02
5.678799003362655640e-03 4.637869447469711304e-02
5.359287839382886887e-03 4.742399603128433228e-02
5.662700161337852478e-03 4.689791426062583923e-02
5.447859410196542740e-03 4.770915210247039795e-02
5.541514139622449875e-03 4.742829501628875732e-02
5.597244016826152802e-03 4.643190279603004456e-02
5.532615818083286285e-03 4.648597911000251770e-02
5.692060571163892746e-03 4.715602844953536987e-02
5.704999901354312897e-03 4.759841039776802063e-02
5.826601292937994003e-03 4.680229350924491882e-02
