1.229972124099731445e+00
1.298238158226013184e+00
1.054306983947753906e+00
9.032832384109497070e-01
8.369359970092773438e-01
8.101871013641357422e-01
7.427160739898681641e-01
6.667810082435607910e-01
6.584689021110534668e-01
6.662158370018005371e-01
6.462178230285644531e-01
5.819093585014343262e-01
5.164865255355834961e-01
4.896746277809143066e-01
5.222467780113220215e-01
5.240116715431213379e-01
4.842379689216613770e-01
4.484875798225402832e-01
4.421106576919555664e-01
4.363306164741516113e-01
4.097167849540710449e-01
4.034392535686492920e-01
3.875486552715301514e-01
3.719341158866882324e-01
3.624369502067565918e-01
3.549625873565673828e-01
3.418991863727569580e-01
3.212614059448242188e-01
3.130814731121063232e-01
2.963256835937500000e-01
2.906151115894317627e-01
2.902889847755432129e-01
2.763929367065429688e-01
2.599811553955078125e-01
2.527258098125457764e-01
2.492693662643432617e-01
2.336880266666412354e-01
2.188843488693237305e-01
2.130632102489471436e-01
2.007304131984710693e-01
1.949166208505630493e-01
1.891568154096603394e-01
1.823971569538116455e-01
1.681159585714340210e-01
1.568684130907058716e-01
1.486442387104034424e-01
1.463271826505661011e-01
1.427367925643920898e-01
1.326091289520263672e-01
1.223127096891403198e-01
1.151809245347976685e-01
1.098085418343544006e-01
1.081482321023941040e-01
9.752936661243438721e-02
9.865315258502960205e-02
9.561985731124877930e-02
8.843180537223815918e-02
8.624424785375595093e-02
8.417755365371704102e-02
7.932698726654052734e-02
7.876473665237426758e-02
7.904593646526336670e-02
7.629217207431793213e-02
7.448479533195495605e-02
7.030492275953292847e-02
6.956690549850463867e-02
6.548033654689788818e-02
6.505432724952697754e-02
6.023851409554481506e-02
5.942999944090843201e-02
5.771144106984138489e-02
5.697385966777801514e-02
5.354540795087814331e-02
5.208072811365127563e-02
5.028904229402542114e-02
4.962323606014251709e-02
4.884925484657287598e-02
4.639387130737304688e-02
4.411314427852630615e-02
4.366026073694229126e-02
4.286736249923706055e-02
4.157772660255432129e-02
3.953244909644126892e-02
3.867840766906738281e-02
3.827565908432006836e-02
3.647476062178611755e-02
3.485753387212753296e-02
3.233474493026733398e-02
3.051976114511489868e-02
2.974887192249298096e-02
2.817780151963233948e-02
2.726446837186813354e-02
2.544743567705154419e-02
2.489560842514038086e-02
2.348761633038520813e-02
2.240456454455852509e-02
2.183301001787185669e-02
2.054272219538688660e-02
1.948665082454681396e-02
1.830422133207321167e-02
1.768724620342254639e-02
1.706815883517265320e-02
1.661706343293190002e-02
1.596934907138347626e-02
1.532239094376564026e-02
1.461006700992584229e-02
1.424153801053762436e-02
1.382437348365783691e-02
1.381186675280332565e-02
1.297748461365699768e-02
1.281003840267658234e-02
1.238294225186109543e-02
1.219941396266222000e-02
1.175415795296430588e-02
1.151319593191146851e-02
1.109550707042217255e-02
1.069878786802291870e-02
1.029748935252428055e-02
9.820585139095783234e-03
9.429261088371276855e-03
8.835393935441970825e-03
8.593171834945678711e-03
8.431056514382362366e-03
7.982505485415458679e-03
7.917540147900581360e-03
7.742664776742458344e-03
7.401177659630775452e-03
7.158176042139530182e-03
7.020654156804084778e-03
6.769245490431785583e-03
6.380387581884860992e-03
6.175209302455186844e-03
6.003106944262981415e-03
5.786255467683076859e-03
5.575870163738727570e-03
5.363624542951583862e-03
5.267888773232698441e-03
5.048208869993686676e-03
4.914219025522470474e-03
4.881519824266433716e-03
4.706969484686851501e-03
4.476504400372505188e-03
4.384510219097137451e-03
4.233182407915592194e-03
4.097609780728816986e-03
4.003884736448526382e-03
3.858583979308605194e-03
3.778227139264345169e-03
3.740594722330570221e-03
3.851370420306921005e-03
4.070122260600328445e-03
4.847356583923101425e-03
5.774443037807941437e-03
7.948843762278556824e-03
1.111450605094432831e-02
1.726535148918628693e-02
2.664816752076148987e-02
4.383380711078643799e-02
6.678506731986999512e-02
1.017966046929359436e-01
1.218220368027687073e-01
1.204733252525329590e-01
7.055899500846862793e-02
3.918400406837463379e-02
9.039105474948883057e-02
8.613704144954681396e-02
3.045555576682090759e-02
5.779630690813064575e-02
7.391374558210372925e-02
3.064256533980369568e-02
4.081316664814949036e-02
6.167602539062500000e-02
3.139241039752960205e-02
3.148930147290229797e-02
5.274796485900878906e-02
2.416082285344600677e-02
2.784474194049835205e-02
4.246650636196136475e-02
2.197213098406791687e-02
2.436336129903793335e-02
3.794363141059875488e-02
1.697359234094619751e-02
2.327296137809753418e-02
3.150236979126930237e-02
1.142175495624542236e-02
2.277039736509323120e-02
2.523613907396793365e-02
1.148873567581176758e-02
1.873811334371566772e-02
2.150263637304306030e-02
6.553227081894874573e-03
1.703203469514846802e-02
1.805815845727920532e-02
7.368035614490509033e-03
1.481326483190059662e-02
1.573330163955688477e-02
5.020297598093748093e-03
1.373754069209098816e-02
1.326926238834857941e-02
5.274274852126836777e-03
1.161304675042629242e-02
4.096177406609058380e-03
1.032652147114276886e-02
5.925456993281841278e-03
7.204338908195495605e-03
7.618316449224948883e-03
4.097233526408672333e-03
8.045178838074207306e-03
2.920298837125301361e-03
6.948872003704309464e-03
4.380402155220508575e-03
5.041194148361682892e-03
5.640683695673942566e-03
2.732786349952220917e-03
5.828707013279199600e-03
2.486645244061946869e-03
5.186455324292182922e-03
3.145617432892322540e-03
3.654214553534984589e-03
3.862108569592237473e-03
2.262293128296732903e-03
4.207120276987552643e-03
1.548514701426029205e-03
3.701082430779933929e-03
1.994514605030417442e-03
2.925497014075517654e-03
2.588896080851554871e-03
1.946072559803724289e-03
2.857560291886329651e-03
1.375772524625062943e-03
2.735144458711147308e-03
1.248960616067051888e-03
2.295145532116293907e-03
1.501218765042722225e-03
1.741243293508887291e-03
1.832969370298087597e-03
1.212506555020809174e-03
1.902932184748351574e-03
9.153905557468533516e-04
1.766050118021667004e-03
9.018839336931705475e-04
1.521027414128184319e-03
1.070932135917246342e-03
1.193960430100560188e-03
1.191342948004603386e-03
8.601270383223891258e-04
1.255233422853052616e-03
6.144634680822491646e-04
1.211502938531339169e-03
5.854380433447659016e-04
1.055910484865307808e-03
6.603295914828777313e-04
8.820021757856011391e-04
7.423625793308019638e-04
6.614348385483026505e-04
7.632714696228504181e-04
5.239755264483392239e-04
7.735063554719090462e-04
4.081786901224404573e-04
7.114035543054342270e-04
3.445427282713353634e-04
6.486187339760363102e-04
3.980536130256950855e-04
5.509948823601007462e-04
4.364516062196344137e-04
4.705552128143608570e-04
4.523509414866566658e-04
3.768019378185272217e-04
4.590731987264007330e-04
3.117364249192178249e-04
4.481925570871680975e-04
2.515397209208458662e-04
4.131537862122058868e-04
2.370400761719793081e-04
3.810802008956670761e-04
2.425979764666408300e-04
3.267831634730100632e-04
2.463808050379157066e-04
2.848008007276803255e-04
2.570866490714251995e-04
2.451296313665807247e-04
2.455558278597891331e-04
2.162490127375349402e-04
2.476263907738029957e-04
1.771299866959452629e-04
2.291837299708276987e-04
1.530112785985693336e-04
2.192103711422532797e-04
1.435953308828175068e-04
1.983972615562379360e-04
1.394002174492925406e-04
1.855873852036893368e-04
1.326389901805669069e-04
1.653051003813743591e-04
1.281131117139011621e-04
1.520607620477676392e-04
1.237787364516407251e-04
1.350724487565457821e-04
1.197172969114035368e-04
1.202383427880704403e-04
