1.313639163970947266e+00
1.233820557594299316e+00
8.372378945350646973e-01
7.024228572845458984e-01
6.259586811065673828e-01
5.760806798934936523e-01
4.818475246429443359e-01
3.735248148441314697e-01
3.515274524688720703e-01
3.588281273841857910e-01
3.375464677810668945e-01
2.905458807945251465e-01
2.459521293640136719e-01
2.176924645900726318e-01
2.287757247686386108e-01
2.286251187324523926e-01
1.968623697757720947e-01
1.706441044807434082e-01
1.668758988380432129e-01
1.642387509346008301e-01
1.526945233345031738e-01
1.414605826139450073e-01
1.322531104087829590e-01
1.270539611577987671e-01
1.205940842628479004e-01
1.113696843385696411e-01
1.027807742357254028e-01
9.537960588932037354e-02
9.178058803081512451e-02
8.660840243101119995e-02
8.193252235651016235e-02
7.815445959568023682e-02
7.263536006212234497e-02
6.704971939325332642e-02
6.337490677833557129e-02
5.943144857883453369e-02
5.324240773916244507e-02
5.007608979940414429e-02
4.781664907932281494e-02
4.276379942893981934e-02
3.930877521634101868e-02
3.694862127304077148e-02
3.405987471342086792e-02
3.018451109528541565e-02
2.792128548026084900e-02
2.518881298601627350e-02
2.305302768945693970e-02
2.125825732946395874e-02
1.934302039444446564e-02
1.776220276951789856e-02
1.602493599057197571e-02
1.463198103010654449e-02
1.430254802107810974e-02
1.242430228739976883e-02
1.189083699136972427e-02
1.131137087941169739e-02
1.032524462789297104e-02
9.814487770199775696e-03
9.228905662894248962e-03
8.519197814166545868e-03
8.062795735895633698e-03
7.546757347881793976e-03
7.116670720279216766e-03
6.796927191317081451e-03
6.232659332454204559e-03
5.855374969542026520e-03
5.501169711351394653e-03
5.251952446997165680e-03
4.823117982596158981e-03
4.580442793667316437e-03
4.272541031241416931e-03
4.060418810695409775e-03
3.697207197546958923e-03
3.543810453265905380e-03
3.295608563348650932e-03
3.104368224740028381e-03
2.922704210504889488e-03
2.736557740718126297e-03
2.557569183409214020e-03
2.391104353591799736e-03
2.246653195470571518e-03
2.091914182528853416e-03
1.969230128452181816e-03
1.853571389801800251e-03
1.744345412589609623e-03
1.624441123567521572e-03
1.529529923573136330e-03
1.429321593604981899e-03
1.327949925325810909e-03
1.250893576070666313e-03
1.164166373200714588e-03
1.092390855774283409e-03
1.014663255773484707e-03
9.589886758476495743e-04
8.836869965307414532e-04
8.446674328297376633e-04
7.926415419206023216e-04
7.414062856696546078e-04
7.004087092354893684e-04
6.568664102815091610e-04
6.231555598787963390e-04
5.869692540727555752e-04
5.595283000729978085e-04
5.299008334986865520e-04
5.032293265685439110e-04
4.768392536789178848e-04
4.548809374682605267e-04
4.302551969885826111e-04
4.114660259801894426e-04
3.884246689267456532e-04
3.698740620166063309e-04
3.511743561830371618e-04
3.320705727674067020e-04
3.146259696222841740e-04
2.980271528940647840e-04
2.807886630762368441e-04
2.643567568156868219e-04
2.484517463017255068e-04
2.326912945136427879e-04
2.182931639254093170e-04
2.042217674897983670e-04
1.914472377393394709e-04
1.799644815037027001e-04
1.682886068010702729e-04
1.577393413754180074e-04
1.479050843045115471e-04
1.383103954140096903e-04
1.292473025387153029e-04
1.207920868182554841e-04
1.129746233345940709e-04
1.051390136126428843e-04
9.823515574680641294e-05
9.159752517007291317e-05
8.510293264407664537e-05
7.936686597531661391e-05
7.380655006272718310e-05
6.862498412374407053e-05
6.370260962285101414e-05
5.921422780374996364e-05
5.499160761246457696e-05
5.095449887448921800e-05
4.722330049844458699e-05
4.380852988106198609e-05
4.047888432978652418e-05
3.743294291780330241e-05
3.470668889349326491e-05
3.206734618288464844e-05
2.975851748487912118e-05
2.775688881229143590e-05
2.631232564453966916e-05
2.589310861367266625e-05
2.768457125057466328e-05
3.481494422885589302e-05
5.557105760090053082e-05
1.104141119867563248e-04
2.615760313346982002e-04
6.468277424573898315e-04
1.731737283989787102e-03
4.010999575257301331e-03
9.258728474378585815e-03
1.199588552117347717e-02
1.172287017107009888e-02
3.625823184847831726e-03
1.345665310509502888e-03
5.637317895889282227e-03
5.557546857744455338e-03
9.622073848731815815e-04
2.403396414592862129e-03
4.416174255311489105e-03
8.885592687875032425e-04
1.423874404281377792e-03
2.830887679010629654e-03
9.372604545205831528e-04
7.594266207888722420e-04
2.149087376892566681e-03
5.868842708878219128e-04
6.438491400331258774e-04
1.486974768340587616e-03
4.167121369391679764e-04
4.888386465609073639e-04
1.094189472496509552e-03
2.418079093331471086e-04
4.218324029352515936e-04
7.929538842290639877e-04
1.151454926002770662e-04
3.926158533431589603e-04
5.161294247955083847e-04
9.896073606796562672e-05
2.964677405543625355e-04
3.865920880343765020e-04
3.487140202196314931e-05
2.691390691325068474e-04
2.345381071791052818e-04
5.080665141576901078e-05
1.859709445852786303e-04
1.792986440705135465e-04
2.495761873433366418e-05
1.514238247182220221e-04
1.201754712383262813e-04
2.845658309524878860e-05
1.043380470946431160e-04
1.593491469975560904e-05
7.895976887084543705e-05
3.073288462474010885e-05
4.188523962511681020e-05
4.851866106037050486e-05
1.454178163839969784e-05
5.319260890246368945e-05
8.308384167321491987e-06
3.798251418629661202e-05
1.872452412499114871e-05
1.751178751874249429e-05
2.692120324354618788e-05
6.877919076941907406e-06
2.520401358196977526e-05
6.148416105133946985e-06
1.815454015741124749e-05
9.352066626888699830e-06
1.046864417730830610e-05
1.242618418473284692e-05
4.670772341341944411e-06
1.314033943344838917e-05
2.769680349956615828e-06
1.024902940116589889e-05
4.289713615435175598e-06
5.918127499171532691e-06
6.064344688638811931e-06
3.078583176829852164e-06
6.189365649333922192e-06
2.010997377510648221e-06
5.334798515832517296e-06
1.864812929852632806e-06
4.017677383671980351e-06
2.352115870962734334e-06
2.512742412363877520e-06
2.859694632206810638e-06
1.404991508024977520e-06
2.890020368795376271e-06
9.833265721681527793e-07
2.405189206911018118e-06
1.018749458125967067e-06
1.757158315740525723e-06
1.140953600042848848e-06
1.224761490448145196e-06
1.232863382938376162e-06
7.914401294328854419e-07
1.272523718398588244e-06
5.353969072530162521e-07
1.144437419497990049e-06
4.851158337260130793e-07
8.992621474135376047e-07
5.244157819106476381e-07
6.600871529371943325e-07
5.514813210538704880e-07
4.823380663765419740e-07
5.427172027339111082e-07
3.567757573819108075e-07
5.150291144673246890e-07
2.726190473367751110e-07
4.653869609683169983e-07
2.339639451065522735e-07
3.851947667499189265e-07
2.335659559093983262e-07
2.991886276504374109e-07
2.379386216944112675e-07
2.321198735444340855e-07
2.289029765734085231e-07
1.842906272031541448e-07
2.138575325716374209e-07
1.479714768493067822e-07
1.956820767645695014e-07
1.229190615958941635e-07
1.728127614342156448e-07
1.091524239882346592e-07
1.465097341224463889e-07
1.018387223439276568e-07
1.209841684612911195e-07
9.549535207042936236e-08
1.003205269967111235e-07
8.804593676359218080e-08
8.416456864779320313e-08
8.087518921229275293e-08
7.007687941040785518e-08
7.442892524522903841e-08
5.866136021381862520e-08
6.690380871532397578e-08
5.054617702171526616e-08
5.876180964037303056e-08
4.474653536590267322e-08
5.108201150960667292e-08
3.992982300360381487e-08
4.436854439404669392e-08
3.551796723400002520e-08
3.860587227677569899e-08
3.157822447974467650e-08
3.343379972875482053e-08
2.839169077617498260e-08
2.871622761801972956e-08
2.560553369335138996e-08
2.475092131248857186e-08
