9.968944787979125977e-01 1.463049769401550293e+00
8.498495817184448242e-01 1.746626734733581543e+00
7.618200182914733887e-01 1.346794009208679199e+00
7.006149291992187500e-01 1.105951547622680664e+00
5.660439133644104004e-01 1.107828021049499512e+00
5.158173441886901855e-01 1.104556918144226074e+00
4.837858378887176514e-01 1.001646280288696289e+00
3.789737522602081299e-01 9.545882344245910645e-01
3.459780812263488770e-01 9.709597229957580566e-01
3.160652816295623779e-01 1.016366362571716309e+00
2.862252891063690186e-01 1.006210327148437500e+00
2.715174257755279541e-01 8.923013210296630859e-01
2.672492265701293945e-01 7.657237648963928223e-01
2.208688110113143921e-01 7.584804296493530273e-01
2.404751926660537720e-01 8.040183186531066895e-01
2.366892844438552856e-01 8.113340735435485840e-01
2.176537215709686279e-01 7.508221864700317383e-01
2.181476205587387085e-01 6.788275241851806641e-01
2.275455594062805176e-01 6.566757559776306152e-01
2.141634374856948853e-01 6.584978103637695312e-01
1.980308443307876587e-01 6.214027404785156250e-01
2.103569507598876953e-01 5.965215563774108887e-01
2.029222398996353149e-01 5.721750855445861816e-01
2.024705260992050171e-01 5.413976907730102539e-01
1.974394172430038452e-01 5.274344682693481445e-01
1.898029595613479614e-01 5.201222300529479980e-01
1.824457198381423950e-01 5.013526678085327148e-01
1.697371900081634521e-01 4.727856218814849854e-01
1.763052195310592651e-01 4.498577415943145752e-01
1.774218976497650146e-01 4.152294397354125977e-01
1.667791903018951416e-01 4.144510328769683838e-01
1.546003520488739014e-01 4.259775876998901367e-01
1.558069884777069092e-01 3.969788849353790283e-01
1.554960608482360840e-01 3.644662499427795410e-01
1.536196619272232056e-01 3.518319427967071533e-01
1.525913923978805542e-01 3.459473252296447754e-01
1.418739408254623413e-01 3.255021274089813232e-01
1.330978125333786011e-01 3.046709001064300537e-01
1.352930814027786255e-01 2.908333241939544678e-01
1.352764666080474854e-01 2.661843597888946533e-01
1.377390027046203613e-01 2.520942389965057373e-01
1.345141977071762085e-01 2.437994331121444702e-01
1.337027847766876221e-01 2.310915142297744751e-01
1.289043575525283813e-01 2.073275595903396606e-01
1.180248111486434937e-01 1.957120150327682495e-01
1.147135198116302490e-01 1.825749725103378296e-01
1.184791848063468933e-01 1.741751879453659058e-01
1.148406714200973511e-01 1.706329286098480225e-01
1.113991886377334595e-01 1.538190692663192749e-01
1.084081158041954041e-01 1.362173110246658325e-01
1.090783253312110901e-01 1.212835162878036499e-01
1.036280468106269836e-01 1.159890368580818176e-01
1.005073264241218567e-01 1.157891377806663513e-01
9.584633260965347290e-02 9.921240061521530151e-02
9.727211296558380127e-02 1.000341996550559998e-01
9.397865831851959229e-02 9.726104885339736938e-02
8.954111486673355103e-02 8.732248842716217041e-02
8.682958036661148071e-02 8.565891534090042114e-02
8.330262452363967896e-02 8.505249023437500000e-02
8.189384639263153076e-02 7.676013559103012085e-02
8.051507174968719482e-02 7.701440155506134033e-02
7.687906175851821899e-02 8.121281117200851440e-02
7.381860911846160889e-02 7.876572757959365845e-02
7.242025434970855713e-02 7.654933631420135498e-02
6.923092901706695557e-02 7.137891650199890137e-02
6.694440543651580811e-02 7.218939810991287231e-02
6.481252610683441162e-02 6.614813953638076782e-02
6.201668828725814819e-02 6.809196621179580688e-02
5.992189422249794006e-02 6.055513396859169006e-02
5.861199274659156799e-02 6.024800613522529602e-02
5.704607069492340088e-02 5.837681144475936890e-02
5.439902096986770630e-02 5.954869464039802551e-02
5.204497650265693665e-02 5.504583567380905151e-02
5.154871940612792969e-02 5.261273309588432312e-02
4.916358739137649536e-02 5.141449347138404846e-02
4.971580207347869873e-02 4.953066632151603699e-02
4.826651513576507568e-02 4.943199455738067627e-02
4.698545858263969421e-02 4.580228775739669800e-02
4.445991665124893188e-02 4.376636818051338196e-02
4.302175715565681458e-02 4.429876059293746948e-02
4.252002388238906860e-02 4.321469739079475403e-02
4.157759249210357666e-02 4.157786443829536438e-02
3.989699110388755798e-02 3.916790708899497986e-02
3.804222494363784790e-02 3.931458666920661926e-02
3.646051883697509766e-02 4.009079933166503906e-02
3.573894873261451721e-02 3.721057251095771790e-02
3.484671190381050110e-02 3.486835211515426636e-02
3.309639543294906616e-02 3.157309070229530334e-02
3.186525031924247742e-02 2.917427010834217072e-02
3.075706213712692261e-02 2.874068357050418854e-02
2.993545122444629669e-02 2.642015181481838226e-02
2.863316424190998077e-02 2.589577063918113708e-02
2.767297439277172089e-02 2.322189696133136749e-02
2.665501832962036133e-02 2.313619665801525116e-02
2.567837946116924286e-02 2.129685506224632263e-02
2.537530288100242615e-02 1.943382620811462402e-02
2.441981248557567596e-02 1.924620941281318665e-02
2.324029430747032166e-02 1.784515194594860077e-02
2.230769209563732147e-02 1.666560955345630646e-02
2.155796624720096588e-02 1.505047548562288284e-02
2.093685604631900787e-02 1.443763542920351028e-02
2.017091773450374603e-02 1.396539993584156036e-02
1.949902437627315521e-02 1.373510062694549561e-02
1.885895244777202606e-02 1.307974662631750107e-02
1.821929402649402618e-02 1.242548692971467972e-02
1.758358068764209747e-02 1.163655333220958710e-02
1.728455163538455963e-02 1.119852438569068909e-02
1.694684848189353943e-02 1.070189941674470901e-02
1.661556214094161987e-02 1.100817136466503143e-02
1.640559360384941101e-02 9.549375623464584351e-03
1.588980481028556824e-02 9.730272926390171051e-03
1.538810133934020996e-02 9.377783164381980896e-03
1.496948208659887314e-02 9.429345838725566864e-03
1.488775014877319336e-02 8.620565757155418396e-03
1.431098021566867828e-02 8.715410716831684113e-03
1.370997354388237000e-02 8.481039665639400482e-03
1.334487367421388626e-02 8.052702993154525757e-03
1.276398915797472000e-02 7.830989547073841095e-03
1.242944598197937012e-02 7.211723830550909042e-03
1.209862437099218369e-02 6.759897805750370026e-03
1.155967358499765396e-02 6.111113354563713074e-03
1.110480260103940964e-02 6.081540603190660477e-03
1.079599466174840927e-02 6.066119298338890076e-03
1.025889348238706589e-02 5.706118419766426086e-03
9.969953447580337524e-03 5.865126848220825195e-03
9.668877348303794861e-03 5.816451739519834518e-03
9.259029291570186615e-03 5.543325562030076981e-03
8.969591930508613586e-03 5.346760153770446777e-03
8.766507729887962341e-03 5.274801049381494522e-03
8.286460302770137787e-03 5.252030212432146072e-03
7.957156747579574585e-03 4.803618881851434708e-03
7.677694782614707947e-03 4.672723822295665741e-03
7.421239744871854782e-03 4.584974143654108047e-03
7.167853880673646927e-03 4.404657054692506790e-03
6.931781768798828125e-03 4.219959024339914322e-03
6.794153712689876556e-03 3.933095373213291168e-03
6.572619080543518066e-03 3.963158465921878815e-03
6.288066506385803223e-03 3.808351466432213783e-03
5.973408464342355728e-03 3.855029819533228874e-03
5.773658398538827896e-03 3.989380784332752228e-03
5.539610050618648529e-03 3.874329151585698128e-03
5.323305726051330566e-03 3.629703307524323463e-03
5.162310320883989334e-03 3.606709884479641914e-03
4.912787117063999176e-03 3.553577233105897903e-03
4.645671229809522629e-03 3.549548331648111343e-03
4.479137714952230453e-03 3.528631757944822311e-03
4.247107077389955521e-03 3.470060648396611214e-03
4.170630592852830887e-03 3.385823918506503105e-03
4.069363698363304138e-03 3.411825513467192650e-03
4.155667498707771301e-03 3.547073341906070709e-03
4.172294400632381439e-03 3.967950120568275452e-03
4.449725151062011719e-03 5.244988016784191132e-03
4.804507829248905182e-03 6.744378712028264999e-03
6.195611786097288132e-03 9.702076204121112823e-03
8.026173338294029236e-03 1.420283969491720200e-02
1.225453242659568787e-02 2.227617055177688599e-02
1.836703531444072723e-02 3.492930158972740173e-02
3.003541566431522369e-02 5.763220041990280151e-02
4.694665968418121338e-02 8.662347495555877686e-02
7.208108901977539062e-02 1.315121203660964966e-01
9.359124302864074707e-02 1.500528305768966675e-01
9.837255626916885376e-02 1.425741016864776611e-01
6.417879462242126465e-02 7.693920284509658813e-02
2.096795663237571716e-02 5.740005522966384888e-02
7.453408837318420410e-02 1.062480211257934570e-01
7.909100502729415894e-02 9.318307787179946899e-02
2.576099894940853119e-02 3.515011072158813477e-02
4.539656639099121094e-02 7.019604742527008057e-02
6.758791953325271606e-02 8.023957163095474243e-02
3.514361009001731873e-02 2.614152058959007263e-02
3.016403503715991974e-02 5.146230012178421021e-02
6.148873269557952881e-02 6.186331808567047119e-02
3.409735485911369324e-02 2.868746407330036163e-02
2.691087312996387482e-02 3.606773167848587036e-02
5.344188958406448364e-02 5.205404013395309448e-02
2.657303959131240845e-02 2.174860611557960510e-02
2.425480820238590240e-02 3.143467754125595093e-02
4.371584206819534302e-02 4.121716693043708801e-02
1.962740533053874969e-02 2.431685477495193481e-02
2.273956499993801117e-02 2.598715946078300476e-02
3.702297061681747437e-02 3.886428847908973694e-02
1.471936143934726715e-02 1.922782137989997864e-02
2.153051644563674927e-02 2.501540444791316986e-02
3.055668622255325317e-02 3.244805335998535156e-02
1.086667180061340332e-02 1.197683904320001602e-02
1.988646946847438812e-02 2.565432526171207428e-02
2.654049731791019440e-02 2.393178083002567291e-02
7.822287268936634064e-03 1.515518408268690109e-02
2.006400749087333679e-02 1.741221733391284943e-02
2.258602157235145569e-02 2.041925117373466492e-02
4.938597325235605240e-03 8.167856372892856598e-03
1.951498538255691528e-02 1.454908587038516998e-02
1.742715947329998016e-02 1.868915930390357971e-02
4.836337175220251083e-03 9.899734519422054291e-03
1.668425463140010834e-02 1.294227596372365952e-02
1.265221461653709412e-02 1.881438679993152618e-02
3.860233118757605553e-03 6.180361844599246979e-03
1.339687407016754150e-02 1.407820824533700943e-02
1.039886381477117538e-02 1.613966003060340881e-02
3.701117355376482010e-03 6.847432348877191544e-03
1.140625122934579849e-02 1.181984227150678635e-02
3.054794855415821075e-03 5.137560423463582993e-03
9.785092435777187347e-03 1.086794957518577576e-02
5.914311390370130539e-03 5.936603061854839325e-03
6.480820011347532272e-03 7.927858270704746246e-03
8.204267360270023346e-03 7.032365538179874420e-03
2.913575386628508568e-03 5.280891433358192444e-03
7.992989383637905121e-03 8.097368292510509491e-03
2.833515405654907227e-03 3.007082035765051842e-03
6.423272658139467239e-03 7.474471349269151688e-03
4.842291120439767838e-03 3.918513190001249313e-03
3.990510012954473495e-03 6.091877818107604980e-03
5.882630590349435806e-03 5.398736335337162018e-03
1.682506990619003773e-03 3.783065592870116234e-03
5.612700246274471283e-03 6.044713780283927917e-03
2.440138719975948334e-03 2.533152000978589058e-03
4.354627802968025208e-03 6.018283311277627945e-03
3.577540395781397820e-03 2.713694470003247261e-03
2.641491359099745750e-03 4.666937980800867081e-03
4.014813806861639023e-03 3.709403099492192268e-03
1.422489178366959095e-03 3.102096961811184883e-03
3.741913940757513046e-03 4.672326613217592239e-03
1.621335628442466259e-03 1.475693774409592152e-03
2.977304626256227493e-03 4.424860235303640366e-03
2.198849106207489967e-03 1.790180220268666744e-03
2.117588184773921967e-03 3.733406076207756996e-03
2.585005713626742363e-03 2.592786448076367378e-03
1.345281139947474003e-03 2.546864096075296402e-03
2.619124483317136765e-03 3.095995867624878883e-03
1.120951143093407154e-03 1.630593789741396904e-03
2.320107771083712578e-03 3.150181379169225693e-03
1.359994173981249332e-03 1.137927174568176270e-03
1.788914320059120655e-03 2.801376860588788986e-03
1.689771888777613640e-03 1.312665641307830811e-03
1.212392235174775124e-03 2.270094351842999458e-03
1.807191991247236729e-03 1.858746749348938465e-03
8.773721056059002876e-04 1.547640888020396233e-03
1.693084836006164551e-03 2.112779533490538597e-03
8.520908304490149021e-04 9.786902228370308876e-04
1.373296836391091347e-03 2.158803399652242661e-03
9.539046441204845905e-04 8.498632814735174179e-04
1.126378891058266163e-03 1.915675820782780647e-03
1.111557241529226303e-03 1.030307030305266380e-03
8.086466696113348007e-04 1.579274074174463749e-03
1.100154710002243519e-03 1.282531302422285080e-03
6.077170255593955517e-04 1.112536992877721786e-03
1.043884083628654480e-03 1.466582762077450752e-03
5.704015493392944336e-04 6.585253868252038956e-04
9.115774882957339287e-04 1.511428388766944408e-03
5.967531469650566578e-04 5.741229397244751453e-04
7.905802340246737003e-04 1.321240677498281002e-03
6.359614199027419090e-04 6.846977048553526402e-04
6.476296694017946720e-04 1.116374740377068520e-03
6.643110536970198154e-04 8.204141049645841122e-04
5.263220518827438354e-04 7.965475670062005520e-04
6.580145563930273056e-04 8.685284410603344440e-04
4.513178428169339895e-04 5.966332391835749149e-04
6.277962238527834415e-04 9.192164870910346508e-04
4.143826372455805540e-04 4.019747429993003607e-04
5.900960532017052174e-04 8.327110554091632366e-04
3.958881716243922710e-04 2.931972849182784557e-04
5.159719730727374554e-04 7.812654948793351650e-04
4.209492763038724661e-04 3.751579788513481617e-04
4.526189004536718130e-04 6.493708351626992226e-04
4.277985135558992624e-04 4.451046988833695650e-04
3.975127183366566896e-04 5.435977363958954811e-04
4.136328061576932669e-04 4.910691059194505215e-04
3.423592424951493740e-04 4.112446040380746126e-04
3.976912121288478374e-04 5.204551853239536285e-04
3.140474145766347647e-04 3.094254643656313419e-04
3.660911461338400841e-04 5.302939680404961109e-04
2.769064449239522219e-04 2.261729823658242822e-04
3.436427214182913303e-04 4.826648801099509001e-04
2.557552361395210028e-04 2.183249016525223851e-04
3.127032541669905186e-04 4.494571476243436337e-04
2.551410580053925514e-04 2.300549094798043370e-04
2.865692949853837490e-04 3.669970610644668341e-04
2.389209694229066372e-04 2.538406406529247761e-04
2.620710874907672405e-04 3.075305139645934105e-04
2.374265604885295033e-04 2.767467231024056673e-04
2.398342767264693975e-04 2.504249860066920519e-04
2.248516684630885720e-04 2.662599727045744658e-04
2.187246136600151658e-04 2.137734118150547147e-04
2.242529444629326463e-04 2.709998516365885735e-04
1.921174116432666779e-04 1.621425617486238480e-04
2.085494197672232985e-04 2.498180256225168705e-04
1.759245060384273529e-04 1.300980511587113142e-04
1.994007907342165709e-04 2.390199515502899885e-04
1.579788513481616974e-04 1.292117958655580878e-04
1.853914000093936920e-04 2.114031376549974084e-04
1.519458746770396829e-04 1.268545602215453982e-04
1.730783842504024506e-04 1.980964007088914514e-04
1.400278561050072312e-04 1.252501388080418110e-04
1.607240119483321905e-04 1.698862033663317561e-04
1.346009230474010110e-04 1.216253076563589275e-04
1.531207672087475657e-04 1.510007714387029409e-04
1.290690415771678090e-04 1.184884313261136413e-04
1.394269056618213654e-04 1.307180064031854272e-04
1.180725448648445308e-04 1.213620562339201570e-04
1.323803298873826861e-04 1.080963629647158086e-04
