1.222370624542236328e+00 1.404907703399658203e+00
1.023261785507202148e+00 1.444379329681396484e+00
7.957047820091247559e-01 8.787710070610046387e-01
7.277743220329284668e-01 6.770713925361633301e-01
4.782857894897460938e-01 7.736315131187438965e-01
3.816668689250946045e-01 7.704944610595703125e-01
3.254984617233276367e-01 6.381965875625610352e-01
2.087179571390151978e-01 5.383316874504089355e-01
1.819266974925994873e-01 5.211282372474670410e-01
1.650069057941436768e-01 5.526493191719055176e-01
1.291681230068206787e-01 5.459248423576354980e-01
1.176826953887939453e-01 4.634090363979339600e-01
1.071962267160415649e-01 3.847080469131469727e-01
7.389768958091735840e-02 3.614872395992279053e-01
8.416601270437240601e-02 3.733854293823242188e-01
9.210976958274841309e-02 3.651404678821563721e-01
7.947324216365814209e-02 3.142514824867248535e-01
7.355265319347381592e-02 2.677355408668518066e-01
7.214505225419998169e-02 2.616067528724670410e-01
6.298945844173431396e-02 2.654880583286285400e-01
5.632890760898590088e-02 2.490601390600204468e-01
6.069855019450187683e-02 2.222226113080978394e-01
5.981355905532836914e-02 2.046926617622375488e-01
5.761174485087394714e-02 1.964961737394332886e-01
5.450021475553512573e-02 1.866879463195800781e-01
4.940464347600936890e-02 1.733347326517105103e-01
4.600973799824714661e-02 1.595518141984939575e-01
4.199338704347610474e-02 1.487658172845840454e-01
4.343015700578689575e-02 1.401310265064239502e-01
4.349951073527336121e-02 1.297172904014587402e-01
4.102289304137229919e-02 1.228421553969383240e-01
3.894256800413131714e-02 1.173663511872291565e-01
3.770875930786132812e-02 1.075619608163833618e-01
3.684597834944725037e-02 9.725346416234970093e-02
3.560236841440200806e-02 9.114745259284973145e-02
3.457181900739669800e-02 8.429107815027236938e-02
3.205623105168342590e-02 7.442858815193176270e-02
3.207784891128540039e-02 6.807433068752288818e-02
3.282022103667259216e-02 6.281308084726333618e-02
3.091533295810222626e-02 5.461226776242256165e-02
3.041187487542629242e-02 4.820567741990089417e-02
2.975760027766227722e-02 4.413964226841926575e-02
2.897009067237377167e-02 3.914966061711311340e-02
2.786186523735523224e-02 3.250715509057044983e-02
2.628394588828086853e-02 2.955862507224082947e-02
2.550636045634746552e-02 2.487126551568508148e-02
2.556299045681953430e-02 2.054306678473949432e-02
2.387284114956855774e-02 1.864367164671421051e-02
2.251183614134788513e-02 1.617420464754104614e-02
2.116813324391841888e-02 1.435627043247222900e-02
2.030730992555618286e-02 1.174256205558776855e-02
1.876793988049030304e-02 1.049602311104536057e-02
1.862663589417934418e-02 9.978461079299449921e-03
1.676874235272407532e-02 8.079862222075462341e-03
1.596174202859401703e-02 7.819931954145431519e-03
1.498589385300874710e-02 7.636848371475934982e-03
1.374922785907983780e-02 6.901260931044816971e-03
1.310051046311855316e-02 6.528464611619710922e-03
1.221818849444389343e-02 6.239622831344604492e-03
1.136282738298177719e-02 5.675567779690027237e-03
1.075597014278173447e-02 5.369621794670820236e-03
9.907667525112628937e-03 5.185847170650959015e-03
9.412094950675964355e-03 4.821246489882469177e-03
9.111893363296985626e-03 4.481961484998464584e-03
8.377227932214736938e-03 4.088090732693672180e-03
7.842774502933025360e-03 3.867974970489740372e-03
7.558292243629693985e-03 3.444046713411808014e-03
7.141028530895709991e-03 3.362875897437334061e-03
6.720422301441431046e-03 2.925813896581530571e-03
6.334934849292039871e-03 2.825950738042593002e-03
5.987877026200294495e-03 2.557204803451895714e-03
5.612389650195837021e-03 2.508448204025626183e-03
5.229873582720756531e-03 2.164540579542517662e-03
5.103701259940862656e-03 1.983919879421591759e-03
4.765362478792667389e-03 1.825854531489312649e-03
4.530129954218864441e-03 1.678606378845870495e-03
4.242501687258481979e-03 1.602906733751296997e-03
4.004967398941516876e-03 1.468148315325379372e-03
3.712469479069113731e-03 1.402668887749314308e-03
3.460885724052786827e-03 1.321322983130812645e-03
3.265525912865996361e-03 1.227780478075146675e-03
3.080049064010381699e-03 1.103779184632003307e-03
2.877172548323869705e-03 1.061287824995815754e-03
2.713739406317472458e-03 9.934033732861280441e-04
2.581703709438443184e-03 9.069870575331151485e-04
2.441277960315346718e-03 8.076042286120355129e-04
2.338918391615152359e-03 7.201413391157984734e-04
2.220382681116461754e-03 6.382605060935020447e-04
2.122867619618773460e-03 5.330322892405092716e-04
2.015492180362343788e-03 4.862949135713279247e-04
1.913410495035350323e-03 4.149221640545874834e-04
1.796567579731345177e-03 3.882141900248825550e-04
1.695611164905130863e-03 3.337153757456690073e-04
1.595626003108918667e-03 3.223514067940413952e-04
1.503693521954119205e-03 2.636804420035332441e-04
1.444571302272379398e-03 2.447635924909263849e-04
1.365831238217651844e-03 2.194518601754680276e-04
1.294174348004162312e-03 1.886381796794012189e-04
1.233339542523026466e-03 1.674779196036979556e-04
1.172804972156882286e-03 1.409278047503903508e-04
1.119152759201824665e-03 1.271583460038527846e-04
1.058681402355432510e-03 1.152571276179514825e-04
1.006366219371557236e-03 1.126903516706079245e-04
9.590067202225327492e-04 1.007949467748403549e-04
9.138152236118912697e-04 9.264345862902700901e-05
8.687751833349466324e-04 8.490332402288913727e-05
8.270545513369143009e-04 8.270733087556436658e-05
7.864146027714014053e-04 7.409576210193336010e-05
7.494088495150208473e-04 7.352322427323088050e-05
7.119223591871559620e-04 6.492698594229295850e-05
6.753748748451471329e-04 6.437326373998075724e-05
6.426456966437399387e-04 5.970300844637677073e-05
6.070120143704116344e-04 5.712912752642296255e-05
5.769399576820433140e-04 5.231199247646145523e-05
5.452106124721467495e-04 5.084371150587685406e-05
5.143855232745409012e-04 4.719178468803875148e-05
4.839660541620105505e-04 4.474748129723593593e-05
4.542718816082924604e-04 4.263163646101020277e-05
4.270150675438344479e-04 3.836753239738754928e-05
4.008406249340623617e-04 3.574568836484104395e-05
3.752793709281831980e-04 3.316416405141353607e-05
3.508139634504914284e-04 3.208051566616632044e-05
3.285467973910272121e-04 3.138216197839938104e-05
3.071285027544945478e-04 2.944871448562480509e-05
2.870462485589087009e-04 2.843242873495910317e-05
2.683167986106127501e-04 2.749337363638915122e-05
2.501894487068057060e-04 2.643135485413949937e-05
2.329698036191985011e-04 2.552481419115792960e-05
2.175131230615079403e-04 2.407105239399243146e-05
2.022068947553634644e-04 2.374235737079288810e-05
1.881263597169891000e-04 2.215167478425428271e-05
1.748033682815730572e-04 2.166693957406096160e-05
1.625774457352235913e-04 2.061761006189044565e-05
1.505282125435769558e-04 1.967765820154454559e-05
1.397434825776144862e-04 1.899025119200814515e-05
1.295948604820296168e-04 1.801823964342474937e-05
1.197966412291862071e-04 1.745332156133372337e-05
1.107660355046391487e-04 1.663918919803109020e-05
1.024556186166591942e-04 1.597283880983013660e-05
9.460640285396948457e-05 1.537680873298086226e-05
8.730676199775189161e-05 1.460223938920535147e-05
8.061296830419450998e-05 1.383363633067347109e-05
7.423730858135968447e-05 1.337975299975369126e-05
6.830799975432455540e-05 1.264976981474319473e-05
6.274622865021228790e-05 1.211965809488901868e-05
5.772791337221860886e-05 1.168546077678911388e-05
5.303536454448476434e-05 1.109932782128453255e-05
4.885205635218881071e-05 1.066497861756943166e-05
4.518551941146142781e-05 1.032825912261614576e-05
4.231762068229727447e-05 1.030703242577146739e-05
4.020359847345389426e-05 1.158261784439673647e-05
3.949669189751148224e-05 1.587244878464844078e-05
4.303891182644292712e-05 2.659097663126885891e-05
5.633713226416148245e-05 5.480497929966077209e-05
9.640075586503371596e-05 1.244274608325213194e-04
2.133505768142640591e-04 3.098014567513018847e-04
5.137993721291422844e-04 7.798561709932982922e-04
1.364023773930966854e-03 2.099450910463929176e-03
3.280353732407093048e-03 4.741645883768796921e-03
7.734430488198995590e-03 1.078302599489688873e-02
1.167864911258220673e-02 1.231312099844217300e-02
1.231743115931749344e-02 1.112830918282270432e-02
4.541744478046894073e-03 2.709902124479413033e-03
8.088277536444365978e-04 1.882502809166908264e-03
6.074939854443073273e-03 5.199695471674203873e-03
6.681918166577816010e-03 4.433175548911094666e-03
9.288245346397161484e-04 9.955902351066470146e-04
2.321298699826002121e-03 2.485494129359722137e-03
5.289537832140922546e-03 3.542810212820768356e-03
1.397217158228158951e-03 3.799013211391866207e-04
1.153703662566840649e-03 1.694045262411236763e-03
3.954462241381406784e-03 1.707313233055174351e-03
1.344292657449841499e-03 5.302282515913248062e-04
8.139066048897802830e-04 7.049465784803032875e-04
3.042837372049689293e-03 1.255337148904800415e-03
8.616794948466122150e-04 3.120890760328620672e-04
7.452286081388592720e-04 5.424696719273924828e-04
2.094702562317252159e-03 8.792468579486012459e-04
4.909781855531036854e-04 3.424461174290627241e-04
5.946508026681840420e-04 3.830264322459697723e-04
1.450738986022770405e-03 7.376399007625877857e-04
2.535088860895484686e-04 2.301069325767457485e-04
5.068099708296358585e-04 3.368548350408673286e-04
1.032909727655351162e-03 5.529979825951159000e-04
1.415883452864363790e-04 8.870264719007536769e-05
4.565280687529593706e-04 3.287036379333585501e-04
7.513164309784770012e-04 2.809424186125397682e-04
8.559152774978429079e-05 1.123299516621045768e-04
4.448035033419728279e-04 1.481319777667522430e-04
5.456356448121368885e-04 2.275485458085313439e-04
3.562497659004293382e-05 3.411782745388336480e-05
4.130865563638508320e-04 1.251915964530780911e-04
3.182173531968146563e-04 1.508588466094806790e-04
3.590480991988442838e-05 6.570848927367478609e-05
2.924828440882265568e-04 7.945904508233070374e-05
1.835133880376815796e-04 1.750839001033455133e-04
2.544228118495084345e-05 2.447295628371648490e-05
1.976311759790405631e-04 1.052164661814458668e-04
1.192166018881835043e-04 1.211343405884690583e-04
2.167086131521500647e-05 3.524230487528257072e-05
1.381629990646615624e-04 7.051308784866705537e-05
1.444490681024035439e-05 1.742492167977616191e-05
1.021583084366284311e-04 5.576122566708363593e-05
4.213304418954066932e-05 1.933272324095014483e-05
4.713055750471539795e-05 3.663992174551822245e-05
7.109181024134159088e-05 2.594551369838882238e-05
1.274538135476177558e-05 1.633818283153232187e-05
7.112325693015009165e-05 3.526196087477728724e-05
1.139477535616606474e-05 5.221993433224270120e-06
4.600116517394781113e-05 2.996385956066660583e-05
2.761669929896015674e-05 9.832350770011544228e-06
1.856568269431591034e-05 1.645789234316907823e-05
3.809043118963018060e-05 1.575197711645159870e-05
5.917301677982322872e-06 7.838536475901491940e-06
3.402692891540937126e-05 1.638109824853017926e-05
8.086540219665039331e-06 4.210291990602854639e-06
2.101503196172416210e-05 1.529404835309833288e-05
1.471534960728604347e-05 3.988783646491356194e-06
9.488188879913650453e-06 1.144910038419766352e-05
1.812803748180158436e-05 6.724331342411460355e-06
3.748467861441895366e-06 5.593076821241993457e-06
1.579607123858295381e-05 1.048460853780852631e-05
4.038115548610221595e-06 1.501245037616172340e-06
1.077727756637614220e-05 9.720781235955655575e-06
6.399545327440137044e-06 2.179881448682863265e-06
5.799606242362642661e-06 6.036648301233071834e-06
8.329959200636949390e-06 3.798729949266999029e-06
3.031085270777111873e-06 3.126081310256267898e-06
7.889435437391512096e-06 4.489295861276332289e-06
2.299466132171801291e-06 1.722528395475819707e-06
6.307187049969797954e-06 4.362409981695236638e-06
2.820689815052901395e-06 9.089360446523642167e-07
4.104459094378398731e-06 3.930895672965561971e-06
3.707136329467175528e-06 9.970952987714554183e-07
2.398348897258983925e-06 2.627136154842446558e-06
3.987752734246896580e-06 1.731636416479886975e-06
1.515306735200283583e-06 1.294676394536509179e-06
3.456209469732129946e-06 2.323831040484947152e-06
1.402647058057482354e-06 5.640061999656609260e-07
2.525024001442943700e-06 2.285354185005417094e-06
1.564511080687225331e-06 4.729878639864182333e-07
1.727063931866723578e-06 1.787252813301165588e-06
1.669768266765458975e-06 6.121390470070764422e-07
1.198362951981835067e-06 1.251160142601293046e-06
1.638981871110445354e-06 8.267448379228881095e-07
9.228029966834583320e-07 6.600772053388936911e-07
1.468658638259512372e-06 1.076388798537664115e-06
8.035175937948224600e-07 2.672761922895006137e-07
1.219680029862502124e-06 1.069194922820315696e-06
7.764913334540324286e-07 1.937402913654295844e-07
9.517189027974382043e-07 8.468053920296370052e-07
7.639144428139843512e-07 2.849171210073109251e-07
7.548212010988208931e-07 5.653531047755677719e-07
7.519698783653439023e-07 3.509927921641065041e-07
6.078020078348345123e-07 3.568741533399588661e-07
6.989889129727089312e-07 3.864455493385321461e-07
5.033948582422453910e-07 2.101566423107215087e-07
6.414596782633452676e-07 3.885985222495946800e-07
4.355057114935334539e-07 1.097323760745894106e-07
5.730709062845562585e-07 3.577029872303683078e-07
3.904439438429108122e-07 7.748393926476637716e-08
4.731194565010810038e-07 2.972700769987568492e-07
3.731052800048928475e-07 9.402663891933116247e-08
3.818001061972609023e-07 2.165771206819044892e-07
3.527210310494410805e-07 1.231562123393814545e-07
3.143624383028509328e-07 1.498773229968719534e-07
3.222348254894313868e-07 1.355711276573856594e-07
2.634864415540505433e-07 1.050948270631124615e-07
2.859911205632670317e-07 1.417239303691530949e-07
2.278705153457849519e-07 6.807243124740125495e-08
2.518549138130765641e-07 1.395092397160624387e-07
2.000084009523561690e-07 4.582970802857744275e-08
2.206257789794108248e-07 1.249997438890204648e-07
1.786537637826768332e-07 3.965107708836512757e-08
1.928628705627488671e-07 1.001565905767165532e-07
1.613794609056640184e-07 4.229799088761865278e-08
1.671347575893378234e-07 7.483356512238970026e-08
1.454214810792109347e-07 4.556922306164779002e-08
1.450881796927205869e-07 5.555287785341533890e-08
1.309043113906227518e-07 4.518756924198896741e-08
1.265200353373074904e-07 4.180909840556523704e-08
1.182547038069969858e-07 4.349567106487484125e-08
1.103271571878394752e-07 2.982660518568991392e-08
1.071062385449295107e-07 4.175161905095592374e-08
9.558402069842486526e-08 2.173870150556922454e-08
9.537570377915471909e-08 3.843190654606587486e-08
8.342047408405051101e-08 1.767187995938002132e-08
8.503375426016646088e-08 3.248986502057960024e-08
7.336956997505694744e-08 1.612350075674839900e-08
7.515172484318100032e-08 2.701229995238918491e-08
6.478554581690332270e-08 1.507410374301798583e-08
6.605363722655965830e-08 2.268345156153372955e-08
5.735706309906163369e-08 1.367886959258157731e-08
5.824306725799033302e-08 1.896867729556106497e-08
5.072319453347517992e-08 1.243325620237101248e-08
5.121675883401621832e-08 1.565084417620710155e-08
4.506537365500662418e-08 1.171800878552176073e-08
4.503596073845983483e-08 1.239649449757962429e-08
4.003005216191013460e-08 1.118101344843580591e-08
3.957742578108991438e-08 9.924415955708809634e-09
