5.989663600921630859e+00
4.352647304534912109e+00
1.102106332778930664e+00
9.392505288124084473e-01
9.180572032928466797e-01
9.138985276222229004e-01
9.117866158485412598e-01
9.089932441711425781e-01
9.064310789108276367e-01
9.041082262992858887e-01
9.003831744194030762e-01
8.980039954185485840e-01
8.950656652450561523e-01
8.938201665878295898e-01
8.915976285934448242e-01
8.894804120063781738e-01
8.881312012672424316e-01
8.869165778160095215e-01
8.860546946525573730e-01
8.858916759490966797e-01
8.853999972343444824e-01
8.847566246986389160e-01
8.848622441291809082e-01
8.846759796142578125e-01
8.846145868301391602e-01
8.846601843833923340e-01
8.848919272422790527e-01
8.848865628242492676e-01
8.849179148674011230e-01
8.849902749061584473e-01
8.850262165069580078e-01
8.850682973861694336e-01
8.850823044776916504e-01
8.852077722549438477e-01
8.853390216827392578e-01
8.853089809417724609e-01
8.851927518844604492e-01
8.851110339164733887e-01
8.849350214004516602e-01
8.850088715553283691e-01
8.848066329956054688e-01
8.847647905349731445e-01
8.848651051521301270e-01
8.847071528434753418e-01
8.850334882736206055e-01
8.846881985664367676e-01
8.848086595535278320e-01
8.847898244857788086e-01
8.846951127052307129e-01
8.846904635429382324e-01
8.847187161445617676e-01
8.848394155502319336e-01
8.846939206123352051e-01
8.847044110298156738e-01
8.848193883895874023e-01
8.846564292907714844e-01
8.847649693489074707e-01
8.847907185554504395e-01
8.848821520805358887e-01
8.849158883094787598e-01
8.847429156303405762e-01
8.846247792243957520e-01
8.845106363296508789e-01
8.844485282897949219e-01
8.846269845962524414e-01
8.848367929458618164e-01
8.854979276657104492e-01
8.860036134719848633e-01
8.868340253829956055e-01
8.875964879989624023e-01
8.877598643302917480e-01
8.875586390495300293e-01
8.870102167129516602e-01
8.867377638816833496e-01
8.862777352333068848e-01
8.858338594436645508e-01
8.855502605438232422e-01
8.853865265846252441e-01
8.852291107177734375e-01
8.850513100624084473e-01
8.849034905433654785e-01
8.846895098686218262e-01
8.850150704383850098e-01
8.846890330314636230e-01
8.846924304962158203e-01
8.847439289093017578e-01
8.847098350524902344e-01
8.848373889923095703e-01
8.846918940544128418e-01
8.846963047981262207e-01
8.846536874771118164e-01
8.846276402473449707e-01
8.845905065536499023e-01
8.852343559265136719e-01
8.851876258850097656e-01
8.849521279335021973e-01
8.847597241401672363e-01
8.851051926612854004e-01
8.848310708999633789e-01
8.850424885749816895e-01
8.847377896308898926e-01
8.847647905349731445e-01
8.847131133079528809e-01
8.847047090530395508e-01
8.847193121910095215e-01
8.847308754920959473e-01
8.847903609275817871e-01
8.847274780273437500e-01
8.846342563629150391e-01
8.845686316490173340e-01
8.847474455833435059e-01
8.848580718040466309e-01
8.849500417709350586e-01
8.850821852684020996e-01
8.851740956306457520e-01
8.850833773612976074e-01
8.848809003829956055e-01
8.851497769355773926e-01
8.847722411155700684e-01
8.847072720527648926e-01
8.846959471702575684e-01
8.847137689590454102e-01
8.846936225891113281e-01
8.847082853317260742e-01
8.846988677978515625e-01
8.846580982208251953e-01
8.843426108360290527e-01
8.844972848892211914e-01
8.855441808700561523e-01
8.861382007598876953e-01
8.862130045890808105e-01
8.861868977546691895e-01
8.862448930740356445e-01
8.858849406242370605e-01
8.857313394546508789e-01
8.854898810386657715e-01
8.854588866233825684e-01
8.854164481163024902e-01
8.849158287048339844e-01
8.850421905517578125e-01
8.855445384979248047e-01
8.861591219902038574e-01
8.865224719047546387e-01
8.865429759025573730e-01
8.861927986145019531e-01
8.854307532310485840e-01
8.850923180580139160e-01
8.848442435264587402e-01
8.845669031143188477e-01
8.845415115356445312e-01
8.846840262413024902e-01
8.847389817237854004e-01
8.857667446136474609e-01
8.859810233116149902e-01
8.860175609588623047e-01
8.858203887939453125e-01
8.854158520698547363e-01
8.850697875022888184e-01
8.852883577346801758e-01
8.846545815467834473e-01
8.846139311790466309e-01
8.846018910408020020e-01
8.846908211708068848e-01
8.848508596420288086e-01
8.851537108421325684e-01
8.852718472480773926e-01
8.853344321250915527e-01
8.854078054428100586e-01
8.852127194404602051e-01
8.855022788047790527e-01
8.850002884864807129e-01
8.848171830177307129e-01
8.850623369216918945e-01
8.847975134849548340e-01
8.846683502197265625e-01
8.846701383590698242e-01
8.847898840904235840e-01
8.846384882926940918e-01
8.848568201065063477e-01
8.847329020500183105e-01
8.847400546073913574e-01
8.847455978393554688e-01
8.848152756690979004e-01
8.847860097885131836e-01
8.848862051963806152e-01
8.854165077209472656e-01
8.855963945388793945e-01
8.855385184288024902e-01
8.854835033416748047e-01
8.851886391639709473e-01
8.850004076957702637e-01
8.845683932304382324e-01
8.843924999237060547e-01
8.852093219757080078e-01
8.855489492416381836e-01
8.851807117462158203e-01
8.849785327911376953e-01
8.846630454063415527e-01
8.844543695449829102e-01
8.854173421859741211e-01
