1.869553208351135254e+00
2.056942939758300781e+00
1.046608090400695801e+00
9.650321602821350098e-01
9.578351974487304688e-01
9.555953741073608398e-01
9.545650482177734375e-01
9.530115723609924316e-01
9.515281319618225098e-01
9.497739672660827637e-01
9.466288685798645020e-01
9.468831419944763184e-01
9.334688186645507812e-01
9.449569582939147949e-01
9.418449997901916504e-01
9.423459768295288086e-01
9.423512816429138184e-01
9.378402829170227051e-01
9.325117468833923340e-01
9.373872280120849609e-01
9.349982738494873047e-01
9.385690093040466309e-01
9.400380253791809082e-01
9.404793381690979004e-01
9.397051930427551270e-01
9.363213777542114258e-01
9.406815767288208008e-01
9.399987459182739258e-01
9.359407424926757812e-01
9.405949711799621582e-01
9.404978752136230469e-01
9.395258426666259766e-01
9.307184815406799316e-01
9.393907189369201660e-01
9.372429251670837402e-01
9.408762454986572266e-01
9.386091828346252441e-01
9.407460093498229980e-01
9.407098889350891113e-01
9.406019449234008789e-01
9.406402707099914551e-01
9.400804042816162109e-01
9.246399402618408203e-01
9.397925138473510742e-01
9.104136228561401367e-01
9.400988817214965820e-01
9.360517263412475586e-01
9.301007986068725586e-01
9.395511746406555176e-01
9.405482411384582520e-01
9.395951628684997559e-01
9.405584931373596191e-01
9.405804276466369629e-01
9.376240968704223633e-01
9.365715980529785156e-01
9.404850006103515625e-01
9.404966831207275391e-01
9.387649297714233398e-01
9.329884648323059082e-01
9.317435622215270996e-01
9.349752068519592285e-01
9.402416944503784180e-01
9.359617829322814941e-01
9.300877451896667480e-01
9.395791292190551758e-01
9.193575978279113770e-01
9.409953951835632324e-01
9.409090280532836914e-01
9.416527748107910156e-01
9.400823116302490234e-01
9.413559436798095703e-01
9.416944384574890137e-01
9.407530426979064941e-01
9.410288929939270020e-01
9.289621710777282715e-01
9.369050264358520508e-01
9.409697055816650391e-01
9.388914704322814941e-01
9.402830600738525391e-01
9.351640343666076660e-01
9.329715371131896973e-01
9.377341270446777344e-01
9.366641044616699219e-01
9.375281333923339844e-01
9.401067495346069336e-01
9.304853677749633789e-01
9.368325471878051758e-01
9.370471835136413574e-01
9.405581951141357422e-01
9.388400912284851074e-01
9.398340582847595215e-01
9.399959444999694824e-01
9.358869791030883789e-01
9.366065263748168945e-01
9.325371980667114258e-01
9.405239820480346680e-01
9.391884803771972656e-01
9.342133998870849609e-01
9.345328211784362793e-01
9.277445077896118164e-01
9.401418566703796387e-01
9.406042695045471191e-01
9.403522610664367676e-01
9.405213594436645508e-01
9.384014010429382324e-01
9.388826489448547363e-01
9.364575147628784180e-01
9.390230178833007812e-01
9.401919841766357422e-01
9.399461746215820312e-01
9.406075477600097656e-01
9.391461014747619629e-01
9.397349357604980469e-01
9.407753348350524902e-01
9.402565360069274902e-01
9.406136274337768555e-01
9.379048347473144531e-01
9.390199184417724609e-01
9.406179189682006836e-01
9.403471350669860840e-01
9.405692219734191895e-01
9.405512809753417969e-01
9.400177001953125000e-01
9.399492144584655762e-01
9.404647350311279297e-01
9.299793243408203125e-01
9.253062009811401367e-01
9.387843012809753418e-01
9.406604170799255371e-01
9.365602135658264160e-01
9.385664463043212891e-01
9.409371018409729004e-01
9.352403283119201660e-01
9.403850436210632324e-01
9.409143924713134766e-01
9.408639073371887207e-01
9.396165609359741211e-01
9.243337512016296387e-01
9.384444952011108398e-01
9.173462390899658203e-01
9.401265382766723633e-01
9.413503408432006836e-01
9.372214078903198242e-01
9.305854439735412598e-01
9.413701295852661133e-01
9.408822059631347656e-01
9.406267404556274414e-01
9.406594634056091309e-01
9.335942864418029785e-01
9.390128254890441895e-01
9.405069947242736816e-01
9.275073409080505371e-01
9.404659271240234375e-01
9.387964606285095215e-01
9.379035234451293945e-01
9.359239339828491211e-01
9.409548044204711914e-01
9.402689933776855469e-01
9.358018636703491211e-01
9.391584396362304688e-01
9.401377439498901367e-01
9.392489790916442871e-01
9.405063390731811523e-01
9.405698776245117188e-01
9.408250451087951660e-01
9.394702911376953125e-01
9.390972852706909180e-01
9.403585195541381836e-01
9.285849928855895996e-01
9.232238531112670898e-01
9.369898438453674316e-01
9.356928467750549316e-01
9.399570226669311523e-01
9.324613809585571289e-01
9.393939971923828125e-01
9.398351311683654785e-01
9.355585575103759766e-01
9.404954314231872559e-01
9.339125156402587891e-01
9.401340484619140625e-01
9.396911859512329102e-01
9.405624270439147949e-01
9.406239986419677734e-01
9.399661421775817871e-01
9.368853569030761719e-01
9.376226067543029785e-01
9.394189119338989258e-01
9.358934164047241211e-01
9.360456466674804688e-01
9.407548308372497559e-01
9.392747879028320312e-01
9.353507161140441895e-01
9.397379755973815918e-01
9.380276203155517578e-01
9.362456798553466797e-01
9.404052495956420898e-01
9.254645705223083496e-01
9.389507770538330078e-01
9.404193162918090820e-01
9.392660856246948242e-01
