1.930437278747558594e+01
5.889018535614013672e+00
1.981607079505920410e+00
1.039787888526916504e+00
8.851568102836608887e-01
9.121903777122497559e-01
9.386683106422424316e-01
9.376280307769775391e-01
9.073886871337890625e-01
8.817550539970397949e-01
8.723394274711608887e-01
8.713239431381225586e-01
8.732325434684753418e-01
8.740824460983276367e-01
8.735184073448181152e-01
8.722077608108520508e-01
8.695897459983825684e-01
8.641910552978515625e-01
8.589716553688049316e-01
8.493223190307617188e-01
8.403908610343933105e-01
8.247106075286865234e-01
8.259776234626770020e-01
8.224741816520690918e-01
8.230804204940795898e-01
8.110682368278503418e-01
8.006299734115600586e-01
7.964879870414733887e-01
7.910861968994140625e-01
7.888409495353698730e-01
7.835812568664550781e-01
7.782153487205505371e-01
7.641360759735107422e-01
7.654395699501037598e-01
7.587927579879760742e-01
7.499164342880249023e-01
7.458657622337341309e-01
7.411620020866394043e-01
7.358400821685791016e-01
7.256022095680236816e-01
7.171801924705505371e-01
7.132493257522583008e-01
6.933291554450988770e-01
6.994469165802001953e-01
6.906191706657409668e-01
6.782483458518981934e-01
6.726450920104980469e-01
6.558874845504760742e-01
6.563195586204528809e-01
6.377885937690734863e-01
6.309538483619689941e-01
6.333277821540832520e-01
6.219134926795959473e-01
6.017947196960449219e-01
5.929138064384460449e-01
5.878996253013610840e-01
5.740079879760742188e-01
5.555335879325866699e-01
5.617742538452148438e-01
5.358157753944396973e-01
5.258453488349914551e-01
5.118399858474731445e-01
5.032746195793151855e-01
4.959878623485565186e-01
4.672315716743469238e-01
4.553269445896148682e-01
4.522677958011627197e-01
4.202160239219665527e-01
4.344100058078765869e-01
4.205691814422607422e-01
3.904919922351837158e-01
3.943802118301391602e-01
4.031327962875366211e-01
4.007144272327423096e-01
3.957929909229278564e-01
3.729510009288787842e-01
3.721144795417785645e-01
3.636695444583892822e-01
3.629367947578430176e-01
3.354726135730743408e-01
3.233627378940582275e-01
3.222883045673370361e-01
3.068729043006896973e-01
2.900345027446746826e-01
2.939173281192779541e-01
2.884849905967712402e-01
3.057795464992523193e-01
2.804106771945953369e-01
2.755945622920989990e-01
3.070907592773437500e-01
3.096900880336761475e-01
2.830786705017089844e-01
2.926465272903442383e-01
2.711495459079742432e-01
2.941079139709472656e-01
3.090092241764068604e-01
3.046794533729553223e-01
2.481929063796997070e-01
2.999758720397949219e-01
2.857730686664581299e-01
2.975493669509887695e-01
2.626360356807708740e-01
2.456343024969100952e-01
2.638015449047088623e-01
2.422847449779510498e-01
2.374180704355239868e-01
2.155421823263168335e-01
2.196168750524520874e-01
1.955702900886535645e-01
1.970046907663345337e-01
1.980511248111724854e-01
2.422189861536026001e-01
2.147509157657623291e-01
2.306248247623443604e-01
2.732746601104736328e-01
1.795569509267807007e-01
2.508054375648498535e-01
2.301192879676818848e-01
2.125433981418609619e-01
2.124104946851730347e-01
2.422411292791366577e-01
2.603228092193603516e-01
1.942533403635025024e-01
2.008408010005950928e-01
1.843569427728652954e-01
1.750638633966445923e-01
1.763987392187118530e-01
1.617703735828399658e-01
1.676229536533355713e-01
1.706764549016952515e-01
1.650877296924591064e-01
1.679398566484451294e-01
1.605813652276992798e-01
1.896347850561141968e-01
1.455648392438888550e-01
1.613615751266479492e-01
1.380730569362640381e-01
1.241021901369094849e-01
1.276652216911315918e-01
1.588998883962631226e-01
1.293506324291229248e-01
1.375430971384048462e-01
1.199276000261306763e-01
1.262099295854568481e-01
1.258000731468200684e-01
1.336665302515029907e-01
1.195147857069969177e-01
1.109086796641349792e-01
1.211756244301795959e-01
1.178849115967750549e-01
