6.651304960250854492e-01
5.002200603485107422e-01
3.348846137523651123e-01
2.377557009458541870e-01
1.990405321121215820e-01
1.841064989566802979e-01
1.795079261064529419e-01
1.782978177070617676e-01
1.785824596881866455e-01
1.806029528379440308e-01
1.828269064426422119e-01
1.842832714319229126e-01
1.853945702314376831e-01
1.859009563922882080e-01
1.859287768602371216e-01
1.855242103338241577e-01
1.848414689302444458e-01
1.835516095161437988e-01
1.817802339792251587e-01
1.784171760082244873e-01
1.741771399974822998e-01
1.677133440971374512e-01
1.600915938615798950e-01
1.539705842733383179e-01
1.505116522312164307e-01
1.503452062606811523e-01
1.526489704847335815e-01
1.574328392744064331e-01
1.604432761669158936e-01
1.618878990411758423e-01
1.604654341936111450e-01
1.564257591962814331e-01
1.483666002750396729e-01
1.422447264194488525e-01
1.409012824296951294e-01
1.423064321279525757e-01
1.464929431676864624e-01
1.501834839582443237e-01
1.506015807390213013e-01
1.483227610588073730e-01
1.451970487833023071e-01
1.409447044134140015e-01
1.374130547046661377e-01
1.402608603239059448e-01
1.400694400072097778e-01
1.386664956808090210e-01
1.365083158016204834e-01
1.333615332841873169e-01
1.313515156507492065e-01
1.293554008007049561e-01
1.337987184524536133e-01
1.370742917060852051e-01
1.317111998796463013e-01
1.258968710899353027e-01
1.268806457519531250e-01
1.275942474603652954e-01
1.265778988599777222e-01
1.218163371086120605e-01
1.212145015597343445e-01
1.155612543225288391e-01
1.151216253638267517e-01
1.165473759174346924e-01
1.161052957177162170e-01
1.141835153102874756e-01
1.050162911415100098e-01
1.039016693830490112e-01
1.080654785037040710e-01
9.888894855976104736e-02
1.051459908485412598e-01
1.018011718988418579e-01
9.361650049686431885e-02
1.009678468108177185e-01
1.041350215673446655e-01
9.593468904495239258e-02
9.530161321163177490e-02
9.387451410293579102e-02
9.765381366014480591e-02
9.600576013326644897e-02
9.408585727214813232e-02
8.798738569021224976e-02
8.756890147924423218e-02
8.871889114379882812e-02
8.297989517450332642e-02
7.828427851200103760e-02
8.182481676340103149e-02
8.076896518468856812e-02
8.630087226629257202e-02
7.852061837911605835e-02
8.045928180217742920e-02
8.807529509067535400e-02
8.847120404243469238e-02
7.986276596784591675e-02
8.219574391841888428e-02
7.728251814842224121e-02
8.412594348192214966e-02
9.536636620759963989e-02
1.031635031104087830e-01
7.985311001539230347e-02
9.735440462827682495e-02
8.665889501571655273e-02
1.011141911149024963e-01
8.768543601036071777e-02
7.857613265514373779e-02
7.955356687307357788e-02
8.165465295314788818e-02
8.495578169822692871e-02
7.262970507144927979e-02
7.808379828929901123e-02
6.919834762811660767e-02
7.050329446792602539e-02
7.054756581783294678e-02
7.559682428836822510e-02
8.525806665420532227e-02
9.146555513143539429e-02
8.716829121112823486e-02
6.635316461324691772e-02
9.715460240840911865e-02
8.404491096735000610e-02
8.136461675167083740e-02
7.951554656028747559e-02
8.889833092689514160e-02
9.141826629638671875e-02
7.066304236650466919e-02
7.244350016117095947e-02
7.120053470134735107e-02
6.955437362194061279e-02
6.831009685993194580e-02
6.651958823204040527e-02
7.211820781230926514e-02
6.963453441858291626e-02
7.067430764436721802e-02
6.940541416406631470e-02
6.706161051988601685e-02
7.964572310447692871e-02
6.701371818780899048e-02
6.724456697702407837e-02
5.903771519660949707e-02
5.820183455944061279e-02
5.673675239086151123e-02
6.511975824832916260e-02
6.076519563794136047e-02
6.225747987627983093e-02
5.621632561087608337e-02
6.166857481002807617e-02
5.700877681374549866e-02
6.172233074903488159e-02
5.676637962460517883e-02
5.417867377400398254e-02
6.243872269988059998e-02
6.006492301821708679e-02
