1.960369944572448730e-01
1.686168760061264038e-01
1.871687918901443481e-01
1.679088920354843140e-01
1.517433077096939087e-01
1.799369454383850098e-01
1.608350872993469238e-01
1.571504473686218262e-01
1.601156741380691528e-01
1.526149362325668335e-01
1.622696518898010254e-01
1.790764182806015015e-01
1.453726589679718018e-01
1.571834385395050049e-01
1.635164916515350342e-01
1.591628938913345337e-01
1.490629464387893677e-01
1.562031507492065430e-01
1.797404736280441284e-01
1.679552346467971802e-01
1.514874249696731567e-01
1.513833254575729370e-01
1.644022315740585327e-01
1.522230505943298340e-01
1.537600308656692505e-01
1.633636057376861572e-01
1.723222881555557251e-01
1.548334956169128418e-01
1.561951637268066406e-01
1.494633406400680542e-01
1.409651786088943481e-01
1.516414135694503784e-01
1.769118309020996094e-01
1.618357449769973755e-01
1.664911657571792603e-01
1.673113703727722168e-01
1.597719341516494751e-01
1.581488102674484253e-01
1.375489830970764160e-01
1.422252953052520752e-01
1.557919532060623169e-01
1.662840396165847778e-01
1.655184626579284668e-01
1.710904985666275024e-01
1.418156921863555908e-01
1.641498357057571411e-01
1.489775776863098145e-01
1.401073485612869263e-01
1.448215842247009277e-01
1.359321177005767822e-01
1.294774264097213745e-01
1.502625346183776855e-01
1.402113586664199829e-01
1.517321318387985229e-01
1.185475289821624756e-01
1.447175741195678711e-01
1.627291887998580933e-01
1.309294402599334717e-01
1.332289278507232666e-01
1.336224824190139771e-01
1.279784888029098511e-01
1.381279081106185913e-01
1.335993409156799316e-01
1.222235634922981262e-01
1.284324526786804199e-01
1.147047951817512512e-01
1.323002427816390991e-01
1.543089151382446289e-01
1.517210155725479126e-01
1.461997479200363159e-01
1.385081559419631958e-01
1.493267565965652466e-01
1.123863905668258667e-01
1.205571070313453674e-01
1.309177577495574951e-01
1.027163788676261902e-01
1.067540720105171204e-01
1.372639089822769165e-01
1.088321954011917114e-01
1.381253004074096680e-01
1.014543920755386353e-01
1.203505620360374451e-01
1.377512514591217041e-01
1.087990030646324158e-01
1.224141865968704224e-01
1.619559079408645630e-01
1.316578388214111328e-01
1.164256632328033447e-01
1.321102678775787354e-01
1.050341129302978516e-01
1.152706593275070190e-01
1.522433757781982422e-01
1.228266805410385132e-01
1.091803014278411865e-01
1.135331839323043823e-01
1.147452518343925476e-01
8.355294913053512573e-02
1.080278158187866211e-01
1.170398965477943420e-01
1.153428554534912109e-01
1.267363131046295166e-01
1.393830478191375732e-01
1.235987395048141479e-01
1.289582699537277222e-01
1.284230649471282959e-01
1.176947504281997681e-01
9.321419894695281982e-02
9.005564451217651367e-02
9.653089195489883423e-02
1.044730097055435181e-01
1.134961843490600586e-01
1.006992608308792114e-01
1.292343884706497192e-01
1.324596554040908813e-01
1.006126403808593750e-01
1.593420803546905518e-01
1.254919767379760742e-01
1.052810251712799072e-01
1.062691584229469299e-01
1.288255155086517334e-01
1.292419433593750000e-01
1.054230406880378723e-01
8.350990712642669678e-02
9.056869894266128540e-02
1.011122837662696838e-01
1.004325002431869507e-01
7.829707115888595581e-02
8.027936518192291260e-02
7.667831331491470337e-02
8.579151332378387451e-02
7.463868707418441772e-02
1.239056438207626343e-01
1.461010277271270752e-01
1.075284481048583984e-01
8.654473721981048584e-02
9.557586163282394409e-02
9.293720871210098267e-02
7.056090980768203735e-02
8.606048673391342163e-02
6.907664984464645386e-02
7.556426525115966797e-02
8.008065074682235718e-02
1.039527729153633118e-01
1.513443291187286377e-01
1.156317144632339478e-01
8.610989898443222046e-02
9.041111916303634644e-02
1.314206570386886597e-01
8.654332160949707031e-02
7.574291527271270752e-02
9.824606031179428101e-02
1.164130121469497681e-01
9.816710650920867920e-02
9.154758602380752563e-02
8.313767611980438232e-02
9.570750594139099121e-02
8.933638036251068115e-02
5.871935933828353882e-02
8.644452691078186035e-02
1.099557727575302124e-01
8.806838840246200562e-02
7.748104631900787354e-02
1.003280431032180786e-01
6.378987431526184082e-02
6.483530998229980469e-02
7.014889270067214966e-02
8.628284186124801636e-02
8.112014830112457275e-02
8.991078287363052368e-02
8.386266231536865234e-02
6.402500718832015991e-02
9.269253909587860107e-02
8.478566259145736694e-02
7.492338865995407104e-02
7.860621809959411621e-02
8.837334811687469482e-02
7.317433506250381470e-02
6.366540491580963135e-02
9.799643605947494507e-02
1.387463361024856567e-01
9.698969870805740356e-02
8.357522636651992798e-02
8.063936233520507812e-02
1.021217107772827148e-01
7.684476673603057861e-02
7.651884108781814575e-02
7.096647471189498901e-02
9.066484123468399048e-02
8.902691304683685303e-02
8.944178372621536255e-02
6.442725658416748047e-02
9.586709737777709961e-02
7.290414720773696899e-02
8.701521158218383789e-02
6.319955736398696899e-02
6.034446507692337036e-02
8.805350959300994873e-02
6.642775982618331909e-02
1.396549940109252930e-01
8.784235268831253052e-02
6.776276230812072754e-02
6.101561710238456726e-02
7.032458484172821045e-02
5.616377666592597961e-02
5.206719785928726196e-02
6.391908973455429077e-02
5.922250822186470032e-02
5.393094941973686218e-02
5.367383733391761780e-02
7.247129827737808228e-02
5.872004106640815735e-02
5.485758185386657715e-02
5.094028264284133911e-02
4.918533936142921448e-02
4.940634965896606445e-02
6.066625192761421204e-02
4.210675507783889771e-02
5.138874053955078125e-02
5.355456843972206116e-02
5.052461475133895874e-02
4.782508686184883118e-02
4.587038233876228333e-02
4.775497317314147949e-02
5.282307416200637817e-02
5.074086785316467285e-02
5.889575928449630737e-02
5.838632583618164062e-02
4.156108200550079346e-02
4.480776935815811157e-02
4.677177220582962036e-02
4.667580500245094299e-02
5.767093971371650696e-02
4.847691580653190613e-02
4.728647321462631226e-02
4.951314628124237061e-02
4.136569425463676453e-02
4.858819395303726196e-02
5.396067351102828979e-02
4.481303691864013672e-02
4.823536053299903870e-02
4.208488389849662781e-02
5.252568051218986511e-02
4.551104828715324402e-02
4.865207523107528687e-02
5.288203433156013489e-02
4.765580222010612488e-02
4.966824129223823547e-02
4.512336477637290955e-02
5.073246359825134277e-02
3.597437217831611633e-02
4.634468629956245422e-02
3.938054293394088745e-02
3.963974118232727051e-02
4.104536771774291992e-02
4.352169856429100037e-02
3.574391081929206848e-02
4.253590106964111328e-02
5.278134718537330627e-02
4.887099936604499817e-02
4.549017921090126038e-02
4.581553116440773010e-02
5.497756600379943848e-02
4.480044543743133545e-02
3.856585174798965454e-02
4.287416860461235046e-02
4.271717742085456848e-02
4.211110249161720276e-02
3.940159082412719727e-02
4.562167823314666748e-02
4.346833750605583191e-02
3.517398610711097717e-02
3.911726549267768860e-02
3.888001665472984314e-02
4.635825380682945251e-02
3.614754229784011841e-02
4.550918191671371460e-02
4.983601346611976624e-02
4.792440682649612427e-02
4.617534950375556946e-02
4.575105011463165283e-02
4.666591063141822815e-02
4.163062945008277893e-02
4.086114466190338135e-02
3.728211671113967896e-02
4.116332903504371643e-02
3.909001871943473816e-02
3.860175982117652893e-02
4.013443738222122192e-02
4.454580321907997131e-02
4.630596563220024109e-02
3.598847985267639160e-02
4.353323206305503845e-02
3.420861810445785522e-02
4.108471795916557312e-02
4.072127863764762878e-02
3.344605490565299988e-02
4.411707445979118347e-02
3.415141999721527100e-02
3.868727385997772217e-02
5.783950164914131165e-02
