1.025325298309326172e+00
8.368725776672363281e-01
8.516573905944824219e-01
8.214328289031982422e-01
7.014847993850708008e-01
8.581722974777221680e-01
7.230575680732727051e-01
7.822204828262329102e-01
7.338779568672180176e-01
7.006006836891174316e-01
7.267076373100280762e-01
8.289080858230590820e-01
6.369110345840454102e-01
7.897948026657104492e-01
7.712928056716918945e-01
7.177588343620300293e-01
6.831805706024169922e-01
6.912372708320617676e-01
8.170920014381408691e-01
7.797773480415344238e-01
6.319578289985656738e-01
6.812602877616882324e-01
6.769187450408935547e-01
7.603060603141784668e-01
6.687851548194885254e-01
7.366679310798645020e-01
7.211883068084716797e-01
6.031958460807800293e-01
7.017453312873840332e-01
6.432002186775207520e-01
5.524975657463073730e-01
6.654230356216430664e-01
7.741085290908813477e-01
7.490173578262329102e-01
7.132611274719238281e-01
7.402188777923583984e-01
7.160043716430664062e-01
6.955712437629699707e-01
5.532125234603881836e-01
5.553991198539733887e-01
6.426082849502563477e-01
7.443294525146484375e-01
6.893557906150817871e-01
7.197194099426269531e-01
6.046293973922729492e-01
6.779889464378356934e-01
6.000285744667053223e-01
5.448035597801208496e-01
5.913844704627990723e-01
5.229254961013793945e-01
4.751506447792053223e-01
5.559019446372985840e-01
5.025091767311096191e-01
5.647670626640319824e-01
4.324701726436614990e-01
5.517414212226867676e-01
6.315773725509643555e-01
5.238534808158874512e-01
5.200810432434082031e-01
4.893630743026733398e-01
4.212858676910400391e-01
4.962818324565887451e-01
4.517627954483032227e-01
3.981550633907318115e-01
4.298403263092041016e-01
3.747936189174652100e-01
4.302268326282501221e-01
5.538780689239501953e-01
5.484042167663574219e-01
5.117659568786621094e-01
4.933333694934844971e-01
5.287834405899047852e-01
3.722333908081054688e-01
4.071874916553497314e-01
4.142540693283081055e-01
2.957414984703063965e-01
3.527672886848449707e-01
4.787374436855316162e-01
3.192609548568725586e-01
4.521020054817199707e-01
2.710748016834259033e-01
3.754624426364898682e-01
4.922938644886016846e-01
3.388481140136718750e-01
3.761352300643920898e-01
6.062345504760742188e-01
4.896213710308074951e-01
3.567263185977935791e-01
4.233864843845367432e-01
2.843643128871917725e-01
3.399188220500946045e-01
5.831390023231506348e-01
4.258089661598205566e-01
3.417274951934814453e-01
3.506381213665008545e-01
3.571881055831909180e-01
2.162583768367767334e-01
3.113800287246704102e-01
3.164281845092773438e-01
3.399691283702850342e-01
3.576245009899139404e-01
4.589097499847412109e-01
3.910236060619354248e-01
4.056065976619720459e-01
3.999293148517608643e-01
3.749032616615295410e-01
2.434426099061965942e-01
2.402647286653518677e-01
2.177236825227737427e-01
2.509514689445495605e-01
3.093853592872619629e-01
2.750962376594543457e-01
4.250719845294952393e-01
4.493244588375091553e-01
2.715758383274078369e-01
5.160308480262756348e-01
3.799823820590972900e-01
2.963515222072601318e-01
2.839193642139434814e-01
3.925789594650268555e-01
4.284432530403137207e-01
3.103328049182891846e-01
1.971132606267929077e-01
2.017763853073120117e-01
2.611909508705139160e-01
2.514263987541198730e-01
1.629213243722915649e-01
1.785375624895095825e-01
1.463486701250076294e-01
1.886568814516067505e-01
1.524841934442520142e-01
3.732137084007263184e-01
4.893739223480224609e-01
2.620086371898651123e-01
2.047953605651855469e-01
2.183784991502761841e-01
2.048856467008590698e-01
1.417731046676635742e-01
1.841518282890319824e-01
1.295386999845504761e-01
1.334902495145797729e-01
1.492430567741394043e-01
2.572969496250152588e-01
4.589906334877014160e-01
3.142771124839782715e-01
1.896258890628814697e-01
1.890389919281005859e-01
3.515686690807342529e-01
1.940513551235198975e-01
1.616562604904174805e-01
2.441149353981018066e-01
3.411027789115905762e-01
2.505875229835510254e-01
2.138733714818954468e-01
1.731178462505340576e-01
2.175081521272659302e-01
2.028543353080749512e-01
1.012426763772964478e-01
1.848806291818618774e-01
2.886798679828643799e-01
1.830070763826370239e-01
1.565697640180587769e-01
2.223347127437591553e-01
1.130742877721786499e-01
1.190559864044189453e-01
1.312593966722488403e-01
1.704186797142028809e-01
1.620566397905349731e-01
1.751192063093185425e-01
1.640288978815078735e-01
1.206278204917907715e-01
2.027066200971603394e-01
1.743540316820144653e-01
1.315795481204986572e-01
1.777615845203399658e-01
1.914567947387695312e-01
1.207829937338829041e-01
1.233144402503967285e-01
2.581848204135894775e-01
4.532366693019866943e-01
2.415528148412704468e-01
1.635772585868835449e-01
1.636038869619369507e-01
2.298787981271743774e-01
1.482739746570587158e-01
1.473512947559356689e-01
1.194577813148498535e-01
1.953584849834442139e-01
1.881842464208602905e-01
1.958830505609512329e-01
1.246514841914176941e-01
2.221857756376266479e-01
1.251473873853683472e-01
1.915014386177062988e-01
1.023823991417884827e-01
8.883935958147048950e-02
2.002251446247100830e-01
1.483085304498672485e-01
4.880169928073883057e-01
2.270033508539199829e-01
1.230506002902984619e-01
1.001977697014808655e-01
1.684127599000930786e-01
8.488219231367111206e-02
7.790549099445343018e-02
9.863734990358352661e-02
8.399464935064315796e-02
7.947470992803573608e-02
7.200715690851211548e-02
1.136899590492248535e-01
8.404229581356048584e-02
7.959628105163574219e-02
7.460276037454605103e-02
5.908233672380447388e-02
6.862191110849380493e-02
8.886007219552993774e-02
4.587920010089874268e-02
6.533943116664886475e-02
7.818947732448577881e-02
7.358998805284500122e-02
6.143090128898620605e-02
5.894808471202850342e-02
5.738525465130805969e-02
7.038573175668716431e-02
6.731364130973815918e-02
8.469575643539428711e-02
7.876660674810409546e-02
4.760320484638214111e-02
5.607991665601730347e-02
6.432988494634628296e-02
5.155493691563606262e-02
8.168680965900421143e-02
5.750009417533874512e-02
6.315162032842636108e-02
5.720065534114837646e-02
4.654475301504135132e-02
5.839415639638900757e-02
7.123386114835739136e-02
5.158231779932975769e-02
6.090167164802551270e-02
4.774076491594314575e-02
6.457123160362243652e-02
5.272645130753517151e-02
5.540760606527328491e-02
7.127669453620910645e-02
5.743030086159706116e-02
6.271439045667648315e-02
5.782667547464370728e-02
5.926078930497169495e-02
3.372902795672416687e-02
6.413380801677703857e-02
3.793065622448921204e-02
4.285499453544616699e-02
4.388645291328430176e-02
4.702684283256530762e-02
3.154618665575981140e-02
4.544987902045249939e-02
7.352579385042190552e-02
5.451099574565887451e-02
5.135610699653625488e-02
5.249180272221565247e-02
7.027875632047653198e-02
6.065460667014122009e-02
3.974745050072669983e-02
5.624080449342727661e-02
4.342935979366302490e-02
4.133521020412445068e-02
3.723526000976562500e-02
5.073647201061248779e-02
4.572174698114395142e-02
3.171205148100852966e-02
3.756555169820785522e-02
3.526517376303672791e-02
4.894907027482986450e-02
3.395116329193115234e-02
4.845725372433662415e-02
5.856083706021308899e-02
6.003445759415626526e-02
5.841665342450141907e-02
4.968838021159172058e-02
5.401167646050453186e-02
4.674904048442840576e-02
4.235417768359184265e-02
3.609674051403999329e-02
4.115478321909904480e-02
3.672078251838684082e-02
3.473604470491409302e-02
4.055920988321304321e-02
4.663046449422836304e-02
5.369178950786590576e-02
3.443794697523117065e-02
4.439420998096466064e-02
2.926355041563510895e-02
3.802679106593132019e-02
3.775806725025177002e-02
3.107718192040920258e-02
4.906690120697021484e-02
2.749219536781311035e-02
3.787480294704437256e-02
7.247549295425415039e-02
